965
32076
6720
8372259
2431
1904
34944
518400
18816
172800
21383
987
2000
50688
288
5120
1000000000
56448
5200
110
8424
15552
12544
120000
8100
29400
89
432255
4158
916855204
6541551
217728
50400
172032
981028563
78750
700
58320
20
86
37440
1134
48000
349920
36283838
67584
2016
864
7392
121
4488
119
999999999
999999937
141120
816
420
74088
69120
169344
142884
49500
268800
99
336000
10
29160
84480
4480
21840
14688
67500
41580
501
32640
4
76800
49896
207360
31500
125440
11340
61966
8826131
98415
472392
9409159
122877509
3510
28000
2707
3584
118263990
2200
3528
30
621008
43740
19800
23100
21600
432000
71
105840
83160
8550
240000
85536
1
48510
27184698
53760
49000
42000
69984
2156
39936
6400
257
126
15876
86400
25002
61440
4788
131
6804
9827
1530
47520
10260
25920
6
243000
116640
129600
665
49152
28080
5824
31
904152917
13440
27216
442368
40824
2560
132300
474
76
35280
16224
204120
24576
7390
3240
69888
5657
4620
391
109
224
699840
60
4680
13056
24750
168000
44
8347
307200
80640
17136
320
19656
23115571
32
90
3264
108
33696
6075
115248
2520
108864
194400
393216
235200
10710
491520
165888
82
11085765
181440
4608
60480
54600
3360
94080
15400
48600
291600
361
123480
4800
21384
697106497
7560
1000000
48
324000
192000
4000
2640
26
93
72000
23
98
21952
41472
200000
12800
102
236250
36864
5361
7389
196608
12000
362
6399199
117
211680
49920
37
4173641
104976
272160
5280
67
80949857
32768
949106497
34111
153600
30240
18720
5304
1440
31680
107520
2070
66
9600
70000
15120
54000
524880
145152
21
408240
97
86016
7025
102060
202500
87480
7128
630
45360
9100
15390
6000
174960
34020
27456
67893369
7290
46080
364500
4539685
99000
136080
214573
29952
6750
95256
163296
101250
124416
129
13122
131980
92
63360
13
194241
128000
48238
21168
3371
17920
6300
44800
12672
926315427
4675
5767201
25
282791
252000
12288
96
1048576
360000
393660
805306368
134400
50
59400
176400
84240
23814
9504
198450
63000
46
23400
70400
1764
221184
100696425
1323
43200
95040
5297
179200
486000
1680
76032
43680
77
3960
576
103680
32000
13824
1800
64512
44550
448
16000
164640
38880
189
4725
40
245760
409342369
66528
519
47473
4320
18432
270000
34300
142560
14
73
62208
41600
81648
63180
1249
126720
983900459
8748
989447237
116
70
9900
1620
14112
71280
22176
2025
40950
405
96768
28672
233280
33
209952
216000
95
331776
4914
300000
327680
114688
430080
17280
323
25200
12096
8448
362880
5940
193
954158175
129024
135000
466560
226151256
4733
20000
567
17640
22500
72576
54880
2097152
4943
14040
12768
9450
395
2400
64
9216
3072
127
70235461
746803744
21504
170
80
11
768
12960
368640
118272
8
7920
16320
7
306180
139968
14336
1500
957262828
3168
75
396
19008
74
150528
4560
111
8320
10500
138240
480000
22848
20592
314928
3375
460800
468
123
1600
147456
112
294912
67200
64922375
782
1386
33750
65536
3157819
5600
16800
34560
1100
2618049
20160
3864
322560
786432
12150
230400
10368
10560
155520
226800
35640
256000
552960
15288
7056
56
4160
673921
2906162
88
70560
23328
2736
33600
157464
99840
108000
241920
4655
161280
64152
13500
281
1741
118
457481
540
5000
7200
5184
83
85050
6480
8624
29120
1920
50544
1824
8000
18000
276480
5601
640
13230
2403381
546750
144000
300
113
28512
13680
5721
47
82268566
248832
459270
37800
2720
5073
110592
145800
17
587234
135
2250
48384
1512
105
25600
29
29250
346742385
162000
81
32400
633
3120
414720
3564
1671
559
373248
58
50000
259200
94770
18480
150000
20480
47040
311040
34848
476014
9180
38400
14560
96000
61740
7040
110250
84000
54
23760
107
34
375000
193536
66150
24000
2880
340200
4752
2304
11016
11664
75264
27000
653477439
900360029
5520
524288
1890
18240
3312
91
17820
5250
405000
967669583
118800
57600
15
94500
19200
19440
85712697
46464
546
133650
813
7897861
39600
725573
21000
112000
288000
672
115
9489
3780
56700
52800
969
56160
2160
22680
10752
201600
16524
688978813
14700
15680
1960
1632
79
5400
5346
302400
6930
912
7680
696
5044
92160
3600
10080
163840
9425
8208
32256
81920
262440
52488
9240
9000
85
38497
24300
8772
8640
151200
93312
1848
25490988
12348
57344
994617
17424
2310
9800
9
125
3696
1584
132000
3645
42
8015864
16200
10240
32670
998506315
13860
55296
182250
63504
20328
4410
72
24696
934
94
7500
6037
68040
85881
103
388800
216
6840
89100
9408
186624
42105
22464
17550
24480
64680
29700
7296
71805
89600
79200
322081025
42120
6765
124
998244353
97200
12870
4032
115200
14400
64800
42768
26880
180000
79548
128
2352
8316
15750
168960
2430
40320
30720
1701
184320
122880
2100
244944
1817
30030
11264
26460
38016
16
73728
1836
2688
16128
55
36
655360
999999998
96228
54432
1944
3024
3888
215040
11232
646
16464
961175759
105600
53
43
77760
15840
8976
641
5808
4374
101
74880
82944
8400
51
91857
4050
42755209
1260
44928
42336
2340
8087519
122
58054077
59136
18
473
7785
60000
106
180
8064
170100
112896
625433749
12240
1056
986129769
47958485
92317161
32805
792
8660
52
938017885
127008
2940
57024
5376
100800
504
75600
68
10800
35503
105000
6552
4312
65610
49280
922505446
5625
84
38
51030
92400
31590
301056
81000
279936
88704
33401221
78
510205
5616
31104
4896
8250
98304
23232
63
22950
57624
589824
10000
24
49
900
120
614400
3
20736
40960
65
72900
810
52920
583200
45
23040
5
33792
104
2268
27720
59
24192
28800
84579
35100
3456
7455307
482421315
22
4200
2730
8960
192
21870
53940
47628
160
660
16380
2592
2600
2376
70200
51840
5040
589833267
3509575
964532929
31200
69
1001
90720
441
5760
1520
49392
31752
1615
29484
281250
2
7776
33108
58800
1001604
35
62
30973
517759
1728
4536
131220
787320
28
4704
57
1008
78000
1215
7938
11000
45000
225792
536870912
622080
87
3900
345600
3000
