100
1
2
3
4
5
6
7
8
9
10
11
12
13
14
15
16
17
18
19
20
21
22
23
24
25
26
27
28
29
30
31
32
33
34
35
36
37
38
39
40
41
42
43
44
45
46
47
48
49
50
51
52
53
54
55
56
57
58
59
60
61
62
63
64
65
66
67
68
69
70
71
72
73
74
75
76
77
78
79
80
81
82
83
84
85
86
87
88
89
90
91
92
93
94
95
96
97
98
99
100
1
1
2
12
2
122
3
1223
3
12233
4
122334
4
1223344
4
12233444
4
122334444
4
1223344443
4
12233444433
4
122334444332
4
1223344443322
4
12233444433221
4
122334444332211
4
1223344443322113
4
12233444433221133
4
122334444332211334
4
1223344443322113344
4
12233444433221133441
4
122334444332211334411
4
1223344443322113344112
4
12233444433221133441122
4
122334444332211334411222
4
1223344443322113344112222
4
12233444433221133441122221
4
122334444332211334411222211
4
1223344443322113344112222114
4
12233444433221133441122221144
4
122334444332211334411222211443
4
1223344443322113344112222114433
4
12233444433221133441122221144332
4
122334444332211334411222211443322
4
1223344443322113344112222114433221
4
12233444433221133441122221144332211
4
122334444332211334411222211443322114
4
1223344443322113344112222114433221144
4
12233444433221133441122221144332211443
4
122334444332211334411222211443322114433
4
1223344443322113344112222114433221144333
4
12233444433221133441122221144332211443333
4
122334444332211334411222211443322114433334
4
1223344443322113344112222114433221144333344
4
12233444433221133441122221144332211443333441
4
122334444332211334411222211443322114433334411
4
1223344443322113344112222114433221144333344112
4
12233444433221133441122221144332211443333441122
4
122334444332211334411222211443322114433334411224
4
1223344443322113344112222114433221144333344112244
4
12233444433221133441122221144332211443333441122443
4
122334444332211334411222211443322114433334411224433
4
1223344443322113344112222114433221144333344112244332
4
12233444433221133441122221144332211443333441122443322
4
122334444332211334411222211443322114433334411224433221
4
1223344443322113344112222114433221144333344112244332211
4
12233444433221133441122221144332211443333441122443322111
4
122334444332211334411222211443322114433334411224433221111
4
1223344443322113344112222114433221144333344112244332211112
4
12233444433221133441122221144332211443333441122443322111122
4
122334444332211334411222211443322114433334411224433221111223
4
1223344443322113344112222114433221144333344112244332211112233
4
12233444433221133441122221144332211443333441122443322111122334
4
122334444332211334411222211443322114433334411224433221111223344
5
1223344443322113344112222114433221144333344112244332211112233445
5
12233444433221133441122221144332211443333441122443322111122334455
6
122334444332211334411222211443322114433334411224433221111223344556
6
1223344443322113344112222114433221144333344112244332211112233445566
7
12233444433221133441122221144332211443333441122443322111122334455667
7
122334444332211334411222211443322114433334411224433221111223344556677
8
1223344443322113344112222114433221144333344112244332211112233445566778
8
12233444433221133441122221144332211443333441122443322111122334455667788
8
122334444332211334411222211443322114433334411224433221111223344556677888
8
1223344443322113344112222114433221144333344112244332211112233445566778888
8
12233444433221133441122221144332211443333441122443322111122334455667788887
8
122334444332211334411222211443322114433334411224433221111223344556677888877
8
1223344443322113344112222114433221144333344112244332211112233445566778888776
8
12233444433221133441122221144332211443333441122443322111122334455667788887766
8
122334444332211334411222211443322114433334411224433221111223344556677888877665
8
1223344443322113344112222114433221144333344112244332211112233445566778888776655
8
12233444433221133441122221144332211443333441122443322111122334455667788887766557
8
122334444332211334411222211443322114433334411224433221111223344556677888877665577
8
1223344443322113344112222114433221144333344112244332211112233445566778888776655778
8
12233444433221133441122221144332211443333441122443322111122334455667788887766557788
8
122334444332211334411222211443322114433334411224433221111223344556677888877665577885
8
1223344443322113344112222114433221144333344112244332211112233445566778888776655778855
8
12233444433221133441122221144332211443333441122443322111122334455667788887766557788556
8
122334444332211334411222211443322114433334411224433221111223344556677888877665577885566
8
1223344443322113344112222114433221144333344112244332211112233445566778888776655778855666
8
12233444433221133441122221144332211443333441122443322111122334455667788887766557788556666
8
122334444332211334411222211443322114433334411224433221111223344556677888877665577885566665
8
1223344443322113344112222114433221144333344112244332211112233445566778888776655778855666655
8
12233444433221133441122221144332211443333441122443322111122334455667788887766557788556666558
8
122334444332211334411222211443322114433334411224433221111223344556677888877665577885566665588
8
1223344443322113344112222114433221144333344112244332211112233445566778888776655778855666655887
8
12233444433221133441122221144332211443333441122443322111122334455667788887766557788556666558877
8
122334444332211334411222211443322114433334411224433221111223344556677888877665577885566665588776
8
1223344443322113344112222114433221144333344112244332211112233445566778888776655778855666655887766
8
12233444433221133441122221144332211443333441122443322111122334455667788887766557788556666558877665
8
122334444332211334411222211443322114433334411224433221111223344556677888877665577885566665588776655
8
1223344443322113344112222114433221144333344112244332211112233445566778888776655778855666655887766558


------------------
(program exited with code: 0)
Press return to continue
