1
1
2
2 1
2
1 2
3
3 1 2
4
4 3 1 2
4
3 4 1 2
3
1 2 3
4
4 1 2 3
5
5 4 1 2 3
5
4 5 1 2 3
6
6 4 5 1 2 3
7
7 6 4 5 1 2 3
7
6 7 4 5 1 2 3
6
4 5 6 1 2 3
4
1 2 3 4
5
5 1 2 3 4
6
6 5 1 2 3 4
6
5 6 1 2 3 4
7
7 5 6 1 2 3 4
8
8 7 5 6 1 2 3 4
8
7 8 5 6 1 2 3 4
7
5 6 7 1 2 3 4
8
8 5 6 7 1 2 3 4
9
9 8 5 6 7 1 2 3 4
9
8 9 5 6 7 1 2 3 4
10
10 8 9 5 6 7 1 2 3 4
11
11 10 8 9 5 6 7 1 2 3 4
11
10 11 8 9 5 6 7 1 2 3 4
10
8 9 10 5 6 7 1 2 3 4
8
5 6 7 8 1 2 3 4
5
1 2 3 4 5
6
6 1 2 3 4 5
7
7 6 1 2 3 4 5
7
6 7 1 2 3 4 5
8
8 6 7 1 2 3 4 5
9
9 8 6 7 1 2 3 4 5
9
8 9 6 7 1 2 3 4 5
8
6 7 8 1 2 3 4 5
9
9 6 7 8 1 2 3 4 5
10
10 9 6 7 8 1 2 3 4 5
10
9 10 6 7 8 1 2 3 4 5
11
11 9 10 6 7 8 1 2 3 4 5
12
12 11 9 10 6 7 8 1 2 3 4 5
12
11 12 9 10 6 7 8 1 2 3 4 5
11
9 10 11 6 7 8 1 2 3 4 5
9
6 7 8 9 1 2 3 4 5
10
10 6 7 8 9 1 2 3 4 5
11
11 10 6 7 8 9 1 2 3 4 5
11
10 11 6 7 8 9 1 2 3 4 5
12
12 10 11 6 7 8 9 1 2 3 4 5
13
13 12 10 11 6 7 8 9 1 2 3 4 5
13
12 13 10 11 6 7 8 9 1 2 3 4 5
12
10 11 12 6 7 8 9 1 2 3 4 5
13
13 10 11 12 6 7 8 9 1 2 3 4 5
14
14 13 10 11 12 6 7 8 9 1 2 3 4 5
14
13 14 10 11 12 6 7 8 9 1 2 3 4 5
15
15 13 14 10 11 12 6 7 8 9 1 2 3 4 5
16
16 15 13 14 10 11 12 6 7 8 9 1 2 3 4 5
16
15 16 13 14 10 11 12 6 7 8 9 1 2 3 4 5
15
13 14 15 10 11 12 6 7 8 9 1 2 3 4 5
13
10 11 12 13 6 7 8 9 1 2 3 4 5
10
6 7 8 9 10 1 2 3 4 5
6
1 2 3 4 5 6
7
7 1 2 3 4 5 6
8
8 7 1 2 3 4 5 6
8
7 8 1 2 3 4 5 6
9
9 7 8 1 2 3 4 5 6
10
10 9 7 8 1 2 3 4 5 6
10
9 10 7 8 1 2 3 4 5 6
9
7 8 9 1 2 3 4 5 6
10
10 7 8 9 1 2 3 4 5 6
11
11 10 7 8 9 1 2 3 4 5 6
11
10 11 7 8 9 1 2 3 4 5 6
12
12 10 11 7 8 9 1 2 3 4 5 6
13
13 12 10 11 7 8 9 1 2 3 4 5 6
13
12 13 10 11 7 8 9 1 2 3 4 5 6
12
10 11 12 7 8 9 1 2 3 4 5 6
10
7 8 9 10 1 2 3 4 5 6
11
11 7 8 9 10 1 2 3 4 5 6
12
12 11 7 8 9 10 1 2 3 4 5 6
12
11 12 7 8 9 10 1 2 3 4 5 6
13
13 11 12 7 8 9 10 1 2 3 4 5 6
14
14 13 11 12 7 8 9 10 1 2 3 4 5 6
14
13 14 11 12 7 8 9 10 1 2 3 4 5 6
13
11 12 13 7 8 9 10 1 2 3 4 5 6
14
14 11 12 13 7 8 9 10 1 2 3 4 5 6
15
15 14 11 12 13 7 8 9 10 1 2 3 4 5 6
15
14 15 11 12 13 7 8 9 10 1 2 3 4 5 6
16
16 14 15 11 12 13 7 8 9 10 1 2 3 4 5 6
17
17 16 14 15 11 12 13 7 8 9 10 1 2 3 4 5 6
17
16 17 14 15 11 12 13 7 8 9 10 1 2 3 4 5 6
16
14 15 16 11 12 13 7 8 9 10 1 2 3 4 5 6
14
11 12 13 14 7 8 9 10 1 2 3 4 5 6
11
7 8 9 10 11 1 2 3 4 5 6
12
12 7 8 9 10 11 1 2 3 4 5 6
13
13 12 7 8 9 10 11 1 2 3 4 5 6
13
12 13 7 8 9 10 11 1 2 3 4 5 6
14
14 12 13 7 8 9 10 11 1 2 3 4 5 6
15
15 14 12 13 7 8 9 10 11 1 2 3 4 5 6
15
14 15 12 13 7 8 9 10 11 1 2 3 4 5 6
14
12 13 14 7 8 9 10 11 1 2 3 4 5 6
15
15 12 13 14 7 8 9 10 11 1 2 3 4 5 6
16
16 15 12 13 14 7 8 9 10 11 1 2 3 4 5 6
16
15 16 12 13 14 7 8 9 10 11 1 2 3 4 5 6
17
17 15 16 12 13 14 7 8 9 10 11 1 2 3 4 5 6
18
18 17 15 16 12 13 14 7 8 9 10 11 1 2 3 4 5 6
18
17 18 15 16 12 13 14 7 8 9 10 11 1 2 3 4 5 6
17
15 16 17 12 13 14 7 8 9 10 11 1 2 3 4 5 6
15
12 13 14 15 7 8 9 10 11 1 2 3 4 5 6
16
16 12 13 14 15 7 8 9 10 11 1 2 3 4 5 6
17
17 16 12 13 14 15 7 8 9 10 11 1 2 3 4 5 6
17
16 17 12 13 14 15 7 8 9 10 11 1 2 3 4 5 6
18
18 16 17 12 13 14 15 7 8 9 10 11 1 2 3 4 5 6
19
19 18 16 17 12 13 14 15 7 8 9 10 11 1 2 3 4 5 6
19
18 19 16 17 12 13 14 15 7 8 9 10 11 1 2 3 4 5 6
18
16 17 18 12 13 14 15 7 8 9 10 11 1 2 3 4 5 6
19
19 16 17 18 12 13 14 15 7 8 9 10 11 1 2 3 4 5 6
20
20 19 16 17 18 12 13 14 15 7 8 9 10 11 1 2 3 4 5 6
20
19 20 16 17 18 12 13 14 15 7 8 9 10 11 1 2 3 4 5 6
21
21 19 20 16 17 18 12 13 14 15 7 8 9 10 11 1 2 3 4 5 6
22
22 21 19 20 16 17 18 12 13 14 15 7 8 9 10 11 1 2 3 4 5 6
22
21 22 19 20 16 17 18 12 13 14 15 7 8 9 10 11 1 2 3 4 5 6
21
19 20 21 16 17 18 12 13 14 15 7 8 9 10 11 1 2 3 4 5 6
19
16 17 18 19 12 13 14 15 7 8 9 10 11 1 2 3 4 5 6
16
12 13 14 15 16 7 8 9 10 11 1 2 3 4 5 6
12
7 8 9 10 11 12 1 2 3 4 5 6
7
1 2 3 4 5 6 7
8
8 1 2 3 4 5 6 7
9
9 8 1 2 3 4 5 6 7
9
8 9 1 2 3 4 5 6 7
10
10 8 9 1 2 3 4 5 6 7
11
11 10 8 9 1 2 3 4 5 6 7
11
10 11 8 9 1 2 3 4 5 6 7
10
8 9 10 1 2 3 4 5 6 7
11
11 8 9 10 1 2 3 4 5 6 7
12
12 11 8 9 10 1 2 3 4 5 6 7
12
11 12 8 9 10 1 2 3 4 5 6 7
13
13 11 12 8 9 10 1 2 3 4 5 6 7
14
14 13 11 12 8 9 10 1 2 3 4 5 6 7
14
13 14 11 12 8 9 10 1 2 3 4 5 6 7
13
11 12 13 8 9 10 1 2 3 4 5 6 7
11
8 9 10 11 1 2 3 4 5 6 7
12
12 8 9 10 11 1 2 3 4 5 6 7
13
13 12 8 9 10 11 1 2 3 4 5 6 7
13
12 13 8 9 10 11 1 2 3 4 5 6 7
14
14 12 13 8 9 10 11 1 2 3 4 5 6 7
15
15 14 12 13 8 9 10 11 1 2 3 4 5 6 7
15
14 15 12 13 8 9 10 11 1 2 3 4 5 6 7
14
12 13 14 8 9 10 11 1 2 3 4 5 6 7
15
15 12 13 14 8 9 10 11 1 2 3 4 5 6 7
16
16 15 12 13 14 8 9 10 11 1 2 3 4 5 6 7
16
15 16 12 13 14 8 9 10 11 1 2 3 4 5 6 7
17
17 15 16 12 13 14 8 9 10 11 1 2 3 4 5 6 7
18
18 17 15 16 12 13 14 8 9 10 11 1 2 3 4 5 6 7
18
17 18 15 16 12 13 14 8 9 10 11 1 2 3 4 5 6 7
17
15 16 17 12 13 14 8 9 10 11 1 2 3 4 5 6 7
15
12 13 14 15 8 9 10 11 1 2 3 4 5 6 7
12
8 9 10 11 12 1 2 3 4 5 6 7
13
13 8 9 10 11 12 1 2 3 4 5 6 7
14
14 13 8 9 10 11 12 1 2 3 4 5 6 7
14
13 14 8 9 10 11 12 1 2 3 4 5 6 7
15
15 13 14 8 9 10 11 12 1 2 3 4 5 6 7
16
16 15 13 14 8 9 10 11 12 1 2 3 4 5 6 7
16
15 16 13 14 8 9 10 11 12 1 2 3 4 5 6 7
15
13 14 15 8 9 10 11 12 1 2 3 4 5 6 7
16
16 13 14 15 8 9 10 11 12 1 2 3 4 5 6 7
17
17 16 13 14 15 8 9 10 11 12 1 2 3 4 5 6 7
17
16 17 13 14 15 8 9 10 11 12 1 2 3 4 5 6 7
18
18 16 17 13 14 15 8 9 10 11 12 1 2 3 4 5 6 7
19
19 18 16 17 13 14 15 8 9 10 11 12 1 2 3 4 5 6 7
19
18 19 16 17 13 14 15 8 9 10 11 12 1 2 3 4 5 6 7
18
16 17 18 13 14 15 8 9 10 11 12 1 2 3 4 5 6 7
16
13 14 15 16 8 9 10 11 12 1 2 3 4 5 6 7
17
17 13 14 15 16 8 9 10 11 12 1 2 3 4 5 6 7
18
18 17 13 14 15 16 8 9 10 11 12 1 2 3 4 5 6 7
18
17 18 13 14 15 16 8 9 10 11 12 1 2 3 4 5 6 7
19
19 17 18 13 14 15 16 8 9 10 11 12 1 2 3 4 5 6 7
20
20 19 17 18 13 14 15 16 8 9 10 11 12 1 2 3 4 5 6 7
20
19 20 17 18 13 14 15 16 8 9 10 11 12 1 2 3 4 5 6 7
19
17 18 19 13 14 15 16 8 9 10 11 12 1 2 3 4 5 6 7
20
20 17 18 19 13 14 15 16 8 9 10 11 12 1 2 3 4 5 6 7
21
21 20 17 18 19 13 14 15 16 8 9 10 11 12 1 2 3 4 5 6 7
21
20 21 17 18 19 13 14 15 16 8 9 10 11 12 1 2 3 4 5 6 7
22
22 20 21 17 18 19 13 14 15 16 8 9 10 11 12 1 2 3 4 5 6 7
23
23 22 20 21 17 18 19 13 14 15 16 8 9 10 11 12 1 2 3 4 5 6 7
23
22 23 20 21 17 18 19 13 14 15 16 8 9 10 11 12 1 2 3 4 5 6 7
22
20 21 22 17 18 19 13 14 15 16 8 9 10 11 12 1 2 3 4 5 6 7
20
17 18 19 20 13 14 15 16 8 9 10 11 12 1 2 3 4 5 6 7
17
13 14 15 16 17 8 9 10 11 12 1 2 3 4 5 6 7
13
8 9 10 11 12 13 1 2 3 4 5 6 7
14
14 8 9 10 11 12 13 1 2 3 4 5 6 7
15
15 14 8 9 10 11 12 13 1 2 3 4 5 6 7
15
14 15 8 9 10 11 12 13 1 2 3 4 5 6 7
16
16 14 15 8 9 10 11 12 13 1 2 3 4 5 6 7
17
17 16 14 15 8 9 10 11 12 13 1 2 3 4 5 6 7
17
16 17 14 15 8 9 10 11 12 13 1 2 3 4 5 6 7
16
14 15 16 8 9 10 11 12 13 1 2 3 4 5 6 7
17
17 14 15 16 8 9 10 11 12 13 1 2 3 4 5 6 7
18
18 17 14 15 16 8 9 10 11 12 13 1 2 3 4 5 6 7
18
17 18 14 15 16 8 9 10 11 12 13 1 2 3 4 5 6 7
19
19 17 18 14 15 16 8 9 10 11 12 13 1 2 3 4 5 6 7
20
20 19 17 18 14 15 16 8 9 10 11 12 13 1 2 3 4 5 6 7
20
19 20 17 18 14 15 16 8 9 10 11 12 13 1 2 3 4 5 6 7
19
17 18 19 14 15 16 8 9 10 11 12 13 1 2 3 4 5 6 7
17
14 15 16 17 8 9 10 11 12 13 1 2 3 4 5 6 7
18
18 14 15 16 17 8 9 10 11 12 13 1 2 3 4 5 6 7
19
19 18 14 15 16 17 8 9 10 11 12 13 1 2 3 4 5 6 7
19
18 19 14 15 16 17 8 9 10 11 12 13 1 2 3 4 5 6 7
20
20 18 19 14 15 16 17 8 9 10 11 12 13 1 2 3 4 5 6 7
21
21 20 18 19 14 15 16 17 8 9 10 11 12 13 1 2 3 4 5 6 7
21
20 21 18 19 14 15 16 17 8 9 10 11 12 13 1 2 3 4 5 6 7
20
18 19 20 14 15 16 17 8 9 10 11 12 13 1 2 3 4 5 6 7
21
21 18 19 20 14 15 16 17 8 9 10 11 12 13 1 2 3 4 5 6 7
22
22 21 18 19 20 14 15 16 17 8 9 10 11 12 13 1 2 3 4 5 6 7
22
21 22 18 19 20 14 15 16 17 8 9 10 11 12 13 1 2 3 4 5 6 7
23
23 21 22 18 19 20 14 15 16 17 8 9 10 11 12 13 1 2 3 4 5 6 7
24
24 23 21 22 18 19 20 14 15 16 17 8 9 10 11 12 13 1 2 3 4 5 6 7
24
23 24 21 22 18 19 20 14 15 16 17 8 9 10 11 12 13 1 2 3 4 5 6 7
23
21 22 23 18 19 20 14 15 16 17 8 9 10 11 12 13 1 2 3 4 5 6 7
21
18 19 20 21 14 15 16 17 8 9 10 11 12 13 1 2 3 4 5 6 7
18
14 15 16 17 18 8 9 10 11 12 13 1 2 3 4 5 6 7
19
19 14 15 16 17 18 8 9 10 11 12 13 1 2 3 4 5 6 7
20
20 19 14 15 16 17 18 8 9 10 11 12 13 1 2 3 4 5 6 7
20
19 20 14 15 16 17 18 8 9 10 11 12 13 1 2 3 4 5 6 7
21
21 19 20 14 15 16 17 18 8 9 10 11 12 13 1 2 3 4 5 6 7
22
22 21 19 20 14 15 16 17 18 8 9 10 11 12 13 1 2 3 4 5 6 7
22
21 22 19 20 14 15 16 17 18 8 9 10 11 12 13 1 2 3 4 5 6 7
21
19 20 21 14 15 16 17 18 8 9 10 11 12 13 1 2 3 4 5 6 7
22
22 19 20 21 14 15 16 17 18 8 9 10 11 12 13 1 2 3 4 5 6 7
23
23 22 19 20 21 14 15 16 17 18 8 9 10 11 12 13 1 2 3 4 5 6 7
23
22 23 19 20 21 14 15 16 17 18 8 9 10 11 12 13 1 2 3 4 5 6 7
24
24 22 23 19 20 21 14 15 16 17 18 8 9 10 11 12 13 1 2 3 4 5 6 7
25
25 24 22 23 19 20 21 14 15 16 17 18 8 9 10 11 12 13 1 2 3 4 5 6 7
25
24 25 22 23 19 20 21 14 15 16 17 18 8 9 10 11 12 13 1 2 3 4 5 6 7
24
22 23 24 19 20 21 14 15 16 17 18 8 9 10 11 12 13 1 2 3 4 5 6 7
22
19 20 21 22 14 15 16 17 18 8 9 10 11 12 13 1 2 3 4 5 6 7
23
23 19 20 21 22 14 15 16 17 18 8 9 10 11 12 13 1 2 3 4 5 6 7
24
24 23 19 20 21 22 14 15 16 17 18 8 9 10 11 12 13 1 2 3 4 5 6 7
24
23 24 19 20 21 22 14 15 16 17 18 8 9 10 11 12 13 1 2 3 4 5 6 7
25
25 23 24 19 20 21 22 14 15 16 17 18 8 9 10 11 12 13 1 2 3 4 5 6 7
26
26 25 23 24 19 20 21 22 14 15 16 17 18 8 9 10 11 12 13 1 2 3 4 5 6 7
26
25 26 23 24 19 20 21 22 14 15 16 17 18 8 9 10 11 12 13 1 2 3 4 5 6 7
25
23 24 25 19 20 21 22 14 15 16 17 18 8 9 10 11 12 13 1 2 3 4 5 6 7
26
26 23 24 25 19 20 21 22 14 15 16 17 18 8 9 10 11 12 13 1 2 3 4 5 6 7
27
27 26 23 24 25 19 20 21 22 14 15 16 17 18 8 9 10 11 12 13 1 2 3 4 5 6 7
27
26 27 23 24 25 19 20 21 22 14 15 16 17 18 8 9 10 11 12 13 1 2 3 4 5 6 7
28
28 26 27 23 24 25 19 20 21 22 14 15 16 17 18 8 9 10 11 12 13 1 2 3 4 5 6 7
29
29 28 26 27 23 24 25 19 20 21 22 14 15 16 17 18 8 9 10 11 12 13 1 2 3 4 5 6 7
29
28 29 26 27 23 24 25 19 20 21 22 14 15 16 17 18 8 9 10 11 12 13 1 2 3 4 5 6 7
28
26 27 28 23 24 25 19 20 21 22 14 15 16 17 18 8 9 10 11 12 13 1 2 3 4 5 6 7
26
23 24 25 26 19 20 21 22 14 15 16 17 18 8 9 10 11 12 13 1 2 3 4 5 6 7
23
19 20 21 22 23 14 15 16 17 18 8 9 10 11 12 13 1 2 3 4 5 6 7
19
14 15 16 17 18 19 8 9 10 11 12 13 1 2 3 4 5 6 7
14
8 9 10 11 12 13 14 1 2 3 4 5 6 7
8
1 2 3 4 5 6 7 8
9
9 1 2 3 4 5 6 7 8
10
10 9 1 2 3 4 5 6 7 8
10
9 10 1 2 3 4 5 6 7 8
11
11 9 10 1 2 3 4 5 6 7 8
12
12 11 9 10 1 2 3 4 5 6 7 8
12
11 12 9 10 1 2 3 4 5 6 7 8
11
9 10 11 1 2 3 4 5 6 7 8
12
12 9 10 11 1 2 3 4 5 6 7 8
13
13 12 9 10 11 1 2 3 4 5 6 7 8
13
12 13 9 10 11 1 2 3 4 5 6 7 8
14
14 12 13 9 10 11 1 2 3 4 5 6 7 8
15
15 14 12 13 9 10 11 1 2 3 4 5 6 7 8
15
14 15 12 13 9 10 11 1 2 3 4 5 6 7 8
14
12 13 14 9 10 11 1 2 3 4 5 6 7 8
12
9 10 11 12 1 2 3 4 5 6 7 8
13
13 9 10 11 12 1 2 3 4 5 6 7 8
14
14 13 9 10 11 12 1 2 3 4 5 6 7 8
14
13 14 9 10 11 12 1 2 3 4 5 6 7 8
15
15 13 14 9 10 11 12 1 2 3 4 5 6 7 8
16
16 15 13 14 9 10 11 12 1 2 3 4 5 6 7 8
16
15 16 13 14 9 10 11 12 1 2 3 4 5 6 7 8
15
13 14 15 9 10 11 12 1 2 3 4 5 6 7 8
16
16 13 14 15 9 10 11 12 1 2 3 4 5 6 7 8
17
17 16 13 14 15 9 10 11 12 1 2 3 4 5 6 7 8
17
16 17 13 14 15 9 10 11 12 1 2 3 4 5 6 7 8
18
18 16 17 13 14 15 9 10 11 12 1 2 3 4 5 6 7 8
19
19 18 16 17 13 14 15 9 10 11 12 1 2 3 4 5 6 7 8
19
18 19 16 17 13 14 15 9 10 11 12 1 2 3 4 5 6 7 8
18
16 17 18 13 14 15 9 10 11 12 1 2 3 4 5 6 7 8
16
13 14 15 16 9 10 11 12 1 2 3 4 5 6 7 8
13
9 10 11 12 13 1 2 3 4 5 6 7 8
14
14 9 10 11 12 13 1 2 3 4 5 6 7 8
15
15 14 9 10 11 12 13 1 2 3 4 5 6 7 8
15
14 15 9 10 11 12 13 1 2 3 4 5 6 7 8
16
16 14 15 9 10 11 12 13 1 2 3 4 5 6 7 8
17
17 16 14 15 9 10 11 12 13 1 2 3 4 5 6 7 8
17
16 17 14 15 9 10 11 12 13 1 2 3 4 5 6 7 8
16
14 15 16 9 10 11 12 13 1 2 3 4 5 6 7 8
17
17 14 15 16 9 10 11 12 13 1 2 3 4 5 6 7 8
18
18 17 14 15 16 9 10 11 12 13 1 2 3 4 5 6 7 8
18
17 18 14 15 16 9 10 11 12 13 1 2 3 4 5 6 7 8
19
19 17 18 14 15 16 9 10 11 12 13 1 2 3 4 5 6 7 8
20
20 19 17 18 14 15 16 9 10 11 12 13 1 2 3 4 5 6 7 8
20
19 20 17 18 14 15 16 9 10 11 12 13 1 2 3 4 5 6 7 8
19
17 18 19 14 15 16 9 10 11 12 13 1 2 3 4 5 6 7 8
17
14 15 16 17 9 10 11 12 13 1 2 3 4 5 6 7 8
18
18 14 15 16 17 9 10 11 12 13 1 2 3 4 5 6 7 8
19
19 18 14 15 16 17 9 10 11 12 13 1 2 3 4 5 6 7 8
19
18 19 14 15 16 17 9 10 11 12 13 1 2 3 4 5 6 7 8
20
20 18 19 14 15 16 17 9 10 11 12 13 1 2 3 4 5 6 7 8
21
21 20 18 19 14 15 16 17 9 10 11 12 13 1 2 3 4 5 6 7 8
21
20 21 18 19 14 15 16 17 9 10 11 12 13 1 2 3 4 5 6 7 8
20
18 19 20 14 15 16 17 9 10 11 12 13 1 2 3 4 5 6 7 8
21
21 18 19 20 14 15 16 17 9 10 11 12 13 1 2 3 4 5 6 7 8
22
22 21 18 19 20 14 15 16 17 9 10 11 12 13 1 2 3 4 5 6 7 8
22
21 22 18 19 20 14 15 16 17 9 10 11 12 13 1 2 3 4 5 6 7 8
23
23 21 22 18 19 20 14 15 16 17 9 10 11 12 13 1 2 3 4 5 6 7 8
24
24 23 21 22 18 19 20 14 15 16 17 9 10 11 12 13 1 2 3 4 5 6 7 8
24
23 24 21 22 18 19 20 14 15 16 17 9 10 11 12 13 1 2 3 4 5 6 7 8
23
21 22 23 18 19 20 14 15 16 17 9 10 11 12 13 1 2 3 4 5 6 7 8
21
18 19 20 21 14 15 16 17 9 10 11 12 13 1 2 3 4 5 6 7 8
18
14 15 16 17 18 9 10 11 12 13 1 2 3 4 5 6 7 8
14
9 10 11 12 13 14 1 2 3 4 5 6 7 8
15
15 9 10 11 12 13 14 1 2 3 4 5 6 7 8
16
16 15 9 10 11 12 13 14 1 2 3 4 5 6 7 8
16
15 16 9 10 11 12 13 14 1 2 3 4 5 6 7 8
17
17 15 16 9 10 11 12 13 14 1 2 3 4 5 6 7 8
18
18 17 15 16 9 10 11 12 13 14 1 2 3 4 5 6 7 8
18
17 18 15 16 9 10 11 12 13 14 1 2 3 4 5 6 7 8
17
15 16 17 9 10 11 12 13 14 1 2 3 4 5 6 7 8
18
18 15 16 17 9 10 11 12 13 14 1 2 3 4 5 6 7 8
19
19 18 15 16 17 9 10 11 12 13 14 1 2 3 4 5 6 7 8
19
18 19 15 16 17 9 10 11 12 13 14 1 2 3 4 5 6 7 8
20
20 18 19 15 16 17 9 10 11 12 13 14 1 2 3 4 5 6 7 8
21
21 20 18 19 15 16 17 9 10 11 12 13 14 1 2 3 4 5 6 7 8
21
20 21 18 19 15 16 17 9 10 11 12 13 14 1 2 3 4 5 6 7 8
20
18 19 20 15 16 17 9 10 11 12 13 14 1 2 3 4 5 6 7 8
18
15 16 17 18 9 10 11 12 13 14 1 2 3 4 5 6 7 8
19
19 15 16 17 18 9 10 11 12 13 14 1 2 3 4 5 6 7 8
20
20 19 15 16 17 18 9 10 11 12 13 14 1 2 3 4 5 6 7 8
20
19 20 15 16 17 18 9 10 11 12 13 14 1 2 3 4 5 6 7 8
21
21 19 20 15 16 17 18 9 10 11 12 13 14 1 2 3 4 5 6 7 8
22
22 21 19 20 15 16 17 18 9 10 11 12 13 14 1 2 3 4 5 6 7 8
22
21 22 19 20 15 16 17 18 9 10 11 12 13 14 1 2 3 4 5 6 7 8
21
19 20 21 15 16 17 18 9 10 11 12 13 14 1 2 3 4 5 6 7 8
22
22 19 20 21 15 16 17 18 9 10 11 12 13 14 1 2 3 4 5 6 7 8
23
23 22 19 20 21 15 16 17 18 9 10 11 12 13 14 1 2 3 4 5 6 7 8
23
22 23 19 20 21 15 16 17 18 9 10 11 12 13 14 1 2 3 4 5 6 7 8
24
24 22 23 19 20 21 15 16 17 18 9 10 11 12 13 14 1 2 3 4 5 6 7 8
25
25 24 22 23 19 20 21 15 16 17 18 9 10 11 12 13 14 1 2 3 4 5 6 7 8
25
24 25 22 23 19 20 21 15 16 17 18 9 10 11 12 13 14 1 2 3 4 5 6 7 8
24
22 23 24 19 20 21 15 16 17 18 9 10 11 12 13 14 1 2 3 4 5 6 7 8
22
19 20 21 22 15 16 17 18 9 10 11 12 13 14 1 2 3 4 5 6 7 8
19
15 16 17 18 19 9 10 11 12 13 14 1 2 3 4 5 6 7 8
20
20 15 16 17 18 19 9 10 11 12 13 14 1 2 3 4 5 6 7 8
21
21 20 15 16 17 18 19 9 10 11 12 13 14 1 2 3 4 5 6 7 8
21
20 21 15 16 17 18 19 9 10 11 12 13 14 1 2 3 4 5 6 7 8
22
22 20 21 15 16 17 18 19 9 10 11 12 13 14 1 2 3 4 5 6 7 8
23
23 22 20 21 15 16 17 18 19 9 10 11 12 13 14 1 2 3 4 5 6 7 8
23
22 23 20 21 15 16 17 18 19 9 10 11 12 13 14 1 2 3 4 5 6 7 8
22
20 21 22 15 16 17 18 19 9 10 11 12 13 14 1 2 3 4 5 6 7 8
23
23 20 21 22 15 16 17 18 19 9 10 11 12 13 14 1 2 3 4 5 6 7 8
24
24 23 20 21 22 15 16 17 18 19 9 10 11 12 13 14 1 2 3 4 5 6 7 8
24
23 24 20 21 22 15 16 17 18 19 9 10 11 12 13 14 1 2 3 4 5 6 7 8
25
25 23 24 20 21 22 15 16 17 18 19 9 10 11 12 13 14 1 2 3 4 5 6 7 8
26
26 25 23 24 20 21 22 15 16 17 18 19 9 10 11 12 13 14 1 2 3 4 5 6 7 8
26
25 26 23 24 20 21 22 15 16 17 18 19 9 10 11 12 13 14 1 2 3 4 5 6 7 8
25
23 24 25 20 21 22 15 16 17 18 19 9 10 11 12 13 14 1 2 3 4 5 6 7 8
23
20 21 22 23 15 16 17 18 19 9 10 11 12 13 14 1 2 3 4 5 6 7 8
24
24 20 21 22 23 15 16 17 18 19 9 10 11 12 13 14 1 2 3 4 5 6 7 8
25
25 24 20 21 22 23 15 16 17 18 19 9 10 11 12 13 14 1 2 3 4 5 6 7 8
25
24 25 20 21 22 23 15 16 17 18 19 9 10 11 12 13 14 1 2 3 4 5 6 7 8
26
26 24 25 20 21 22 23 15 16 17 18 19 9 10 11 12 13 14 1 2 3 4 5 6 7 8
27
27 26 24 25 20 21 22 23 15 16 17 18 19 9 10 11 12 13 14 1 2 3 4 5 6 7 8
27
26 27 24 25 20 21 22 23 15 16 17 18 19 9 10 11 12 13 14 1 2 3 4 5 6 7 8
26
24 25 26 20 21 22 23 15 16 17 18 19 9 10 11 12 13 14 1 2 3 4 5 6 7 8
27
27 24 25 26 20 21 22 23 15 16 17 18 19 9 10 11 12 13 14 1 2 3 4 5 6 7 8
28
28 27 24 25 26 20 21 22 23 15 16 17 18 19 9 10 11 12 13 14 1 2 3 4 5 6 7 8
28
27 28 24 25 26 20 21 22 23 15 16 17 18 19 9 10 11 12 13 14 1 2 3 4 5 6 7 8
29
29 27 28 24 25 26 20 21 22 23 15 16 17 18 19 9 10 11 12 13 14 1 2 3 4 5 6 7 8
30
30 29 27 28 24 25 26 20 21 22 23 15 16 17 18 19 9 10 11 12 13 14 1 2 3 4 5 6 7 8
30
29 30 27 28 24 25 26 20 21 22 23 15 16 17 18 19 9 10 11 12 13 14 1 2 3 4 5 6 7 8
29
27 28 29 24 25 26 20 21 22 23 15 16 17 18 19 9 10 11 12 13 14 1 2 3 4 5 6 7 8
27
24 25 26 27 20 21 22 23 15 16 17 18 19 9 10 11 12 13 14 1 2 3 4 5 6 7 8
24
20 21 22 23 24 15 16 17 18 19 9 10 11 12 13 14 1 2 3 4 5 6 7 8
20
15 16 17 18 19 20 9 10 11 12 13 14 1 2 3 4 5 6 7 8
15
9 10 11 12 13 14 15 1 2 3 4 5 6 7 8
16
16 9 10 11 12 13 14 15 1 2 3 4 5 6 7 8
17
17 16 9 10 11 12 13 14 15 1 2 3 4 5 6 7 8
17
16 17 9 10 11 12 13 14 15 1 2 3 4 5 6 7 8
18
18 16 17 9 10 11 12 13 14 15 1 2 3 4 5 6 7 8
19
19 18 16 17 9 10 11 12 13 14 15 1 2 3 4 5 6 7 8
19
18 19 16 17 9 10 11 12 13 14 15 1 2 3 4 5 6 7 8
18
16 17 18 9 10 11 12 13 14 15 1 2 3 4 5 6 7 8
19
19 16 17 18 9 10 11 12 13 14 15 1 2 3 4 5 6 7 8
20
20 19 16 17 18 9 10 11 12 13 14 15 1 2 3 4 5 6 7 8
20
19 20 16 17 18 9 10 11 12 13 14 15 1 2 3 4 5 6 7 8
21
21 19 20 16 17 18 9 10 11 12 13 14 15 1 2 3 4 5 6 7 8
22
22 21 19 20 16 17 18 9 10 11 12 13 14 15 1 2 3 4 5 6 7 8
22
21 22 19 20 16 17 18 9 10 11 12 13 14 15 1 2 3 4 5 6 7 8
21
19 20 21 16 17 18 9 10 11 12 13 14 15 1 2 3 4 5 6 7 8
19
16 17 18 19 9 10 11 12 13 14 15 1 2 3 4 5 6 7 8
20
20 16 17 18 19 9 10 11 12 13 14 15 1 2 3 4 5 6 7 8
21
21 20 16 17 18 19 9 10 11 12 13 14 15 1 2 3 4 5 6 7 8
21
20 21 16 17 18 19 9 10 11 12 13 14 15 1 2 3 4 5 6 7 8
22
22 20 21 16 17 18 19 9 10 11 12 13 14 15 1 2 3 4 5 6 7 8
23
23 22 20 21 16 17 18 19 9 10 11 12 13 14 15 1 2 3 4 5 6 7 8
23
22 23 20 21 16 17 18 19 9 10 11 12 13 14 15 1 2 3 4 5 6 7 8
22
20 21 22 16 17 18 19 9 10 11 12 13 14 15 1 2 3 4 5 6 7 8
23
23 20 21 22 16 17 18 19 9 10 11 12 13 14 15 1 2 3 4 5 6 7 8
24
24 23 20 21 22 16 17 18 19 9 10 11 12 13 14 15 1 2 3 4 5 6 7 8
24
23 24 20 21 22 16 17 18 19 9 10 11 12 13 14 15 1 2 3 4 5 6 7 8
25
25 23 24 20 21 22 16 17 18 19 9 10 11 12 13 14 15 1 2 3 4 5 6 7 8
26
26 25 23 24 20 21 22 16 17 18 19 9 10 11 12 13 14 15 1 2 3 4 5 6 7 8
26
25 26 23 24 20 21 22 16 17 18 19 9 10 11 12 13 14 15 1 2 3 4 5 6 7 8
25
23 24 25 20 21 22 16 17 18 19 9 10 11 12 13 14 15 1 2 3 4 5 6 7 8
23
20 21 22 23 16 17 18 19 9 10 11 12 13 14 15 1 2 3 4 5 6 7 8
20
16 17 18 19 20 9 10 11 12 13 14 15 1 2 3 4 5 6 7 8
21
21 16 17 18 19 20 9 10 11 12 13 14 15 1 2 3 4 5 6 7 8
22
22 21 16 17 18 19 20 9 10 11 12 13 14 15 1 2 3 4 5 6 7 8
22
21 22 16 17 18 19 20 9 10 11 12 13 14 15 1 2 3 4 5 6 7 8
23
23 21 22 16 17 18 19 20 9 10 11 12 13 14 15 1 2 3 4 5 6 7 8
24
24 23 21 22 16 17 18 19 20 9 10 11 12 13 14 15 1 2 3 4 5 6 7 8
24
23 24 21 22 16 17 18 19 20 9 10 11 12 13 14 15 1 2 3 4 5 6 7 8
23
21 22 23 16 17 18 19 20 9 10 11 12 13 14 15 1 2 3 4 5 6 7 8
24
24 21 22 23 16 17 18 19 20 9 10 11 12 13 14 15 1 2 3 4 5 6 7 8
25
25 24 21 22 23 16 17 18 19 20 9 10 11 12 13 14 15 1 2 3 4 5 6 7 8
25
24 25 21 22 23 16 17 18 19 20 9 10 11 12 13 14 15 1 2 3 4 5 6 7 8
26
26 24 25 21 22 23 16 17 18 19 20 9 10 11 12 13 14 15 1 2 3 4 5 6 7 8
27
27 26 24 25 21 22 23 16 17 18 19 20 9 10 11 12 13 14 15 1 2 3 4 5 6 7 8
27
26 27 24 25 21 22 23 16 17 18 19 20 9 10 11 12 13 14 15 1 2 3 4 5 6 7 8
26
24 25 26 21 22 23 16 17 18 19 20 9 10 11 12 13 14 15 1 2 3 4 5 6 7 8
24
21 22 23 24 16 17 18 19 20 9 10 11 12 13 14 15 1 2 3 4 5 6 7 8
25
25 21 22 23 24 16 17 18 19 20 9 10 11 12 13 14 15 1 2 3 4 5 6 7 8
26
26 25 21 22 23 24 16 17 18 19 20 9 10 11 12 13 14 15 1 2 3 4 5 6 7 8
26
25 26 21 22 23 24 16 17 18 19 20 9 10 11 12 13 14 15 1 2 3 4 5 6 7 8
27
27 25 26 21 22 23 24 16 17 18 19 20 9 10 11 12 13 14 15 1 2 3 4 5 6 7 8
28
28 27 25 26 21 22 23 24 16 17 18 19 20 9 10 11 12 13 14 15 1 2 3 4 5 6 7 8
28
27 28 25 26 21 22 23 24 16 17 18 19 20 9 10 11 12 13 14 15 1 2 3 4 5 6 7 8
27
25 26 27 21 22 23 24 16 17 18 19 20 9 10 11 12 13 14 15 1 2 3 4 5 6 7 8
28
28 25 26 27 21 22 23 24 16 17 18 19 20 9 10 11 12 13 14 15 1 2 3 4 5 6 7 8
29
29 28 25 26 27 21 22 23 24 16 17 18 19 20 9 10 11 12 13 14 15 1 2 3 4 5 6 7 8
29
28 29 25 26 27 21 22 23 24 16 17 18 19 20 9 10 11 12 13 14 15 1 2 3 4 5 6 7 8
30
30 28 29 25 26 27 21 22 23 24 16 17 18 19 20 9 10 11 12 13 14 15 1 2 3 4 5 6 7 8
31
31 30 28 29 25 26 27 21 22 23 24 16 17 18 19 20 9 10 11 12 13 14 15 1 2 3 4 5 6 7 8
31
30 31 28 29 25 26 27 21 22 23 24 16 17 18 19 20 9 10 11 12 13 14 15 1 2 3 4 5 6 7 8
30
28 29 30 25 26 27 21 22 23 24 16 17 18 19 20 9 10 11 12 13 14 15 1 2 3 4 5 6 7 8
28
25 26 27 28 21 22 23 24 16 17 18 19 20 9 10 11 12 13 14 15 1 2 3 4 5 6 7 8
25
21 22 23 24 25 16 17 18 19 20 9 10 11 12 13 14 15 1 2 3 4 5 6 7 8
21
16 17 18 19 20 21 9 10 11 12 13 14 15 1 2 3 4 5 6 7 8
22
22 16 17 18 19 20 21 9 10 11 12 13 14 15 1 2 3 4 5 6 7 8
23
23 22 16 17 18 19 20 21 9 10 11 12 13 14 15 1 2 3 4 5 6 7 8
23
22 23 16 17 18 19 20 21 9 10 11 12 13 14 15 1 2 3 4 5 6 7 8
24
24 22 23 16 17 18 19 20 21 9 10 11 12 13 14 15 1 2 3 4 5 6 7 8
25
25 24 22 23 16 17 18 19 20 21 9 10 11 12 13 14 15 1 2 3 4 5 6 7 8
25
24 25 22 23 16 17 18 19 20 21 9 10 11 12 13 14 15 1 2 3 4 5 6 7 8
24
22 23 24 16 17 18 19 20 21 9 10 11 12 13 14 15 1 2 3 4 5 6 7 8
25
25 22 23 24 16 17 18 19 20 21 9 10 11 12 13 14 15 1 2 3 4 5 6 7 8
26
26 25 22 23 24 16 17 18 19 20 21 9 10 11 12 13 14 15 1 2 3 4 5 6 7 8
26
25 26 22 23 24 16 17 18 19 20 21 9 10 11 12 13 14 15 1 2 3 4 5 6 7 8
27
27 25 26 22 23 24 16 17 18 19 20 21 9 10 11 12 13 14 15 1 2 3 4 5 6 7 8
28
28 27 25 26 22 23 24 16 17 18 19 20 21 9 10 11 12 13 14 15 1 2 3 4 5 6 7 8
28
27 28 25 26 22 23 24 16 17 18 19 20 21 9 10 11 12 13 14 15 1 2 3 4 5 6 7 8
27
25 26 27 22 23 24 16 17 18 19 20 21 9 10 11 12 13 14 15 1 2 3 4 5 6 7 8
25
22 23 24 25 16 17 18 19 20 21 9 10 11 12 13 14 15 1 2 3 4 5 6 7 8
26
26 22 23 24 25 16 17 18 19 20 21 9 10 11 12 13 14 15 1 2 3 4 5 6 7 8
27
27 26 22 23 24 25 16 17 18 19 20 21 9 10 11 12 13 14 15 1 2 3 4 5 6 7 8
27
26 27 22 23 24 25 16 17 18 19 20 21 9 10 11 12 13 14 15 1 2 3 4 5 6 7 8
28
28 26 27 22 23 24 25 16 17 18 19 20 21 9 10 11 12 13 14 15 1 2 3 4 5 6 7 8
29
29 28 26 27 22 23 24 25 16 17 18 19 20 21 9 10 11 12 13 14 15 1 2 3 4 5 6 7 8
29
28 29 26 27 22 23 24 25 16 17 18 19 20 21 9 10 11 12 13 14 15 1 2 3 4 5 6 7 8
28
26 27 28 22 23 24 25 16 17 18 19 20 21 9 10 11 12 13 14 15 1 2 3 4 5 6 7 8
29
29 26 27 28 22 23 24 25 16 17 18 19 20 21 9 10 11 12 13 14 15 1 2 3 4 5 6 7 8
30
30 29 26 27 28 22 23 24 25 16 17 18 19 20 21 9 10 11 12 13 14 15 1 2 3 4 5 6 7 8
30
29 30 26 27 28 22 23 24 25 16 17 18 19 20 21 9 10 11 12 13 14 15 1 2 3 4 5 6 7 8
31
31 29 30 26 27 28 22 23 24 25 16 17 18 19 20 21 9 10 11 12 13 14 15 1 2 3 4 5 6 7 8
32
32 31 29 30 26 27 28 22 23 24 25 16 17 18 19 20 21 9 10 11 12 13 14 15 1 2 3 4 5 6 7 8
32
31 32 29 30 26 27 28 22 23 24 25 16 17 18 19 20 21 9 10 11 12 13 14 15 1 2 3 4 5 6 7 8
31
29 30 31 26 27 28 22 23 24 25 16 17 18 19 20 21 9 10 11 12 13 14 15 1 2 3 4 5 6 7 8
29
26 27 28 29 22 23 24 25 16 17 18 19 20 21 9 10 11 12 13 14 15 1 2 3 4 5 6 7 8
26
22 23 24 25 26 16 17 18 19 20 21 9 10 11 12 13 14 15 1 2 3 4 5 6 7 8
27
27 22 23 24 25 26 16 17 18 19 20 21 9 10 11 12 13 14 15 1 2 3 4 5 6 7 8
28
28 27 22 23 24 25 26 16 17 18 19 20 21 9 10 11 12 13 14 15 1 2 3 4 5 6 7 8
28
27 28 22 23 24 25 26 16 17 18 19 20 21 9 10 11 12 13 14 15 1 2 3 4 5 6 7 8
29
29 27 28 22 23 24 25 26 16 17 18 19 20 21 9 10 11 12 13 14 15 1 2 3 4 5 6 7 8
30
30 29 27 28 22 23 24 25 26 16 17 18 19 20 21 9 10 11 12 13 14 15 1 2 3 4 5 6 7 8
30
29 30 27 28 22 23 24 25 26 16 17 18 19 20 21 9 10 11 12 13 14 15 1 2 3 4 5 6 7 8
29
27 28 29 22 23 24 25 26 16 17 18 19 20 21 9 10 11 12 13 14 15 1 2 3 4 5 6 7 8
30
30 27 28 29 22 23 24 25 26 16 17 18 19 20 21 9 10 11 12 13 14 15 1 2 3 4 5 6 7 8
31
31 30 27 28 29 22 23 24 25 26 16 17 18 19 20 21 9 10 11 12 13 14 15 1 2 3 4 5 6 7 8
31
30 31 27 28 29 22 23 24 25 26 16 17 18 19 20 21 9 10 11 12 13 14 15 1 2 3 4 5 6 7 8
32
32 30 31 27 28 29 22 23 24 25 26 16 17 18 19 20 21 9 10 11 12 13 14 15 1 2 3 4 5 6 7 8
33
33 32 30 31 27 28 29 22 23 24 25 26 16 17 18 19 20 21 9 10 11 12 13 14 15 1 2 3 4 5 6 7 8
33
32 33 30 31 27 28 29 22 23 24 25 26 16 17 18 19 20 21 9 10 11 12 13 14 15 1 2 3 4 5 6 7 8
32
30 31 32 27 28 29 22 23 24 25 26 16 17 18 19 20 21 9 10 11 12 13 14 15 1 2 3 4 5 6 7 8
30
27 28 29 30 22 23 24 25 26 16 17 18 19 20 21 9 10 11 12 13 14 15 1 2 3 4 5 6 7 8
31
31 27 28 29 30 22 23 24 25 26 16 17 18 19 20 21 9 10 11 12 13 14 15 1 2 3 4 5 6 7 8
32
32 31 27 28 29 30 22 23 24 25 26 16 17 18 19 20 21 9 10 11 12 13 14 15 1 2 3 4 5 6 7 8
32
31 32 27 28 29 30 22 23 24 25 26 16 17 18 19 20 21 9 10 11 12 13 14 15 1 2 3 4 5 6 7 8
33
33 31 32 27 28 29 30 22 23 24 25 26 16 17 18 19 20 21 9 10 11 12 13 14 15 1 2 3 4 5 6 7 8
34
34 33 31 32 27 28 29 30 22 23 24 25 26 16 17 18 19 20 21 9 10 11 12 13 14 15 1 2 3 4 5 6 7 8
34
33 34 31 32 27 28 29 30 22 23 24 25 26 16 17 18 19 20 21 9 10 11 12 13 14 15 1 2 3 4 5 6 7 8
33
31 32 33 27 28 29 30 22 23 24 25 26 16 17 18 19 20 21 9 10 11 12 13 14 15 1 2 3 4 5 6 7 8
34
34 31 32 33 27 28 29 30 22 23 24 25 26 16 17 18 19 20 21 9 10 11 12 13 14 15 1 2 3 4 5 6 7 8
35
35 34 31 32 33 27 28 29 30 22 23 24 25 26 16 17 18 19 20 21 9 10 11 12 13 14 15 1 2 3 4 5 6 7 8
35
34 35 31 32 33 27 28 29 30 22 23 24 25 26 16 17 18 19 20 21 9 10 11 12 13 14 15 1 2 3 4 5 6 7 8
36
36 34 35 31 32 33 27 28 29 30 22 23 24 25 26 16 17 18 19 20 21 9 10 11 12 13 14 15 1 2 3 4 5 6 7 8
37
37 36 34 35 31 32 33 27 28 29 30 22 23 24 25 26 16 17 18 19 20 21 9 10 11 12 13 14 15 1 2 3 4 5 6 7 8
37
36 37 34 35 31 32 33 27 28 29 30 22 23 24 25 26 16 17 18 19 20 21 9 10 11 12 13 14 15 1 2 3 4 5 6 7 8
36
34 35 36 31 32 33 27 28 29 30 22 23 24 25 26 16 17 18 19 20 21 9 10 11 12 13 14 15 1 2 3 4 5 6 7 8
34
31 32 33 34 27 28 29 30 22 23 24 25 26 16 17 18 19 20 21 9 10 11 12 13 14 15 1 2 3 4 5 6 7 8
31
27 28 29 30 31 22 23 24 25 26 16 17 18 19 20 21 9 10 11 12 13 14 15 1 2 3 4 5 6 7 8
27
22 23 24 25 26 27 16 17 18 19 20 21 9 10 11 12 13 14 15 1 2 3 4 5 6 7 8
22
16 17 18 19 20 21 22 9 10 11 12 13 14 15 1 2 3 4 5 6 7 8
16
9 10 11 12 13 14 15 16 1 2 3 4 5 6 7 8
9
1 2 3 4 5 6 7 8 9
10
10 1 2 3 4 5 6 7 8 9
11
11 10 1 2 3 4 5 6 7 8 9
11
10 11 1 2 3 4 5 6 7 8 9
12
12 10 11 1 2 3 4 5 6 7 8 9
13
13 12 10 11 1 2 3 4 5 6 7 8 9
13
12 13 10 11 1 2 3 4 5 6 7 8 9
12
10 11 12 1 2 3 4 5 6 7 8 9
13
13 10 11 12 1 2 3 4 5 6 7 8 9
14
14 13 10 11 12 1 2 3 4 5 6 7 8 9
14
13 14 10 11 12 1 2 3 4 5 6 7 8 9
15
15 13 14 10 11 12 1 2 3 4 5 6 7 8 9
16
16 15 13 14 10 11 12 1 2 3 4 5 6 7 8 9
16
15 16 13 14 10 11 12 1 2 3 4 5 6 7 8 9
15
13 14 15 10 11 12 1 2 3 4 5 6 7 8 9
13
10 11 12 13 1 2 3 4 5 6 7 8 9
14
14 10 11 12 13 1 2 3 4 5 6 7 8 9
15
15 14 10 11 12 13 1 2 3 4 5 6 7 8 9
15
14 15 10 11 12 13 1 2 3 4 5 6 7 8 9
16
16 14 15 10 11 12 13 1 2 3 4 5 6 7 8 9
17
17 16 14 15 10 11 12 13 1 2 3 4 5 6 7 8 9
17
16 17 14 15 10 11 12 13 1 2 3 4 5 6 7 8 9
16
14 15 16 10 11 12 13 1 2 3 4 5 6 7 8 9
17
17 14 15 16 10 11 12 13 1 2 3 4 5 6 7 8 9
18
18 17 14 15 16 10 11 12 13 1 2 3 4 5 6 7 8 9
18
17 18 14 15 16 10 11 12 13 1 2 3 4 5 6 7 8 9
19
19 17 18 14 15 16 10 11 12 13 1 2 3 4 5 6 7 8 9
20
20 19 17 18 14 15 16 10 11 12 13 1 2 3 4 5 6 7 8 9
20
19 20 17 18 14 15 16 10 11 12 13 1 2 3 4 5 6 7 8 9
19
17 18 19 14 15 16 10 11 12 13 1 2 3 4 5 6 7 8 9
17
14 15 16 17 10 11 12 13 1 2 3 4 5 6 7 8 9
14
10 11 12 13 14 1 2 3 4 5 6 7 8 9
15
15 10 11 12 13 14 1 2 3 4 5 6 7 8 9
16
16 15 10 11 12 13 14 1 2 3 4 5 6 7 8 9
16
15 16 10 11 12 13 14 1 2 3 4 5 6 7 8 9
17
17 15 16 10 11 12 13 14 1 2 3 4 5 6 7 8 9
18
18 17 15 16 10 11 12 13 14 1 2 3 4 5 6 7 8 9
18
17 18 15 16 10 11 12 13 14 1 2 3 4 5 6 7 8 9
17
15 16 17 10 11 12 13 14 1 2 3 4 5 6 7 8 9
18
18 15 16 17 10 11 12 13 14 1 2 3 4 5 6 7 8 9
19
19 18 15 16 17 10 11 12 13 14 1 2 3 4 5 6 7 8 9
19
18 19 15 16 17 10 11 12 13 14 1 2 3 4 5 6 7 8 9
20
20 18 19 15 16 17 10 11 12 13 14 1 2 3 4 5 6 7 8 9
21
21 20 18 19 15 16 17 10 11 12 13 14 1 2 3 4 5 6 7 8 9
21
20 21 18 19 15 16 17 10 11 12 13 14 1 2 3 4 5 6 7 8 9
20
18 19 20 15 16 17 10 11 12 13 14 1 2 3 4 5 6 7 8 9
18
15 16 17 18 10 11 12 13 14 1 2 3 4 5 6 7 8 9
19
19 15 16 17 18 10 11 12 13 14 1 2 3 4 5 6 7 8 9
20
20 19 15 16 17 18 10 11 12 13 14 1 2 3 4 5 6 7 8 9
20
19 20 15 16 17 18 10 11 12 13 14 1 2 3 4 5 6 7 8 9
21
21 19 20 15 16 17 18 10 11 12 13 14 1 2 3 4 5 6 7 8 9
22
22 21 19 20 15 16 17 18 10 11 12 13 14 1 2 3 4 5 6 7 8 9
22
21 22 19 20 15 16 17 18 10 11 12 13 14 1 2 3 4 5 6 7 8 9
21
19 20 21 15 16 17 18 10 11 12 13 14 1 2 3 4 5 6 7 8 9
22
22 19 20 21 15 16 17 18 10 11 12 13 14 1 2 3 4 5 6 7 8 9
23
23 22 19 20 21 15 16 17 18 10 11 12 13 14 1 2 3 4 5 6 7 8 9
23
22 23 19 20 21 15 16 17 18 10 11 12 13 14 1 2 3 4 5 6 7 8 9
24
24 22 23 19 20 21 15 16 17 18 10 11 12 13 14 1 2 3 4 5 6 7 8 9
25
25 24 22 23 19 20 21 15 16 17 18 10 11 12 13 14 1 2 3 4 5 6 7 8 9
25
24 25 22 23 19 20 21 15 16 17 18 10 11 12 13 14 1 2 3 4 5 6 7 8 9
24
22 23 24 19 20 21 15 16 17 18 10 11 12 13 14 1 2 3 4 5 6 7 8 9
22
19 20 21 22 15 16 17 18 10 11 12 13 14 1 2 3 4 5 6 7 8 9
19
15 16 17 18 19 10 11 12 13 14 1 2 3 4 5 6 7 8 9
15
10 11 12 13 14 15 1 2 3 4 5 6 7 8 9
16
16 10 11 12 13 14 15 1 2 3 4 5 6 7 8 9
17
17 16 10 11 12 13 14 15 1 2 3 4 5 6 7 8 9
17
16 17 10 11 12 13 14 15 1 2 3 4 5 6 7 8 9
18
18 16 17 10 11 12 13 14 15 1 2 3 4 5 6 7 8 9
19
19 18 16 17 10 11 12 13 14 15 1 2 3 4 5 6 7 8 9
19
18 19 16 17 10 11 12 13 14 15 1 2 3 4 5 6 7 8 9
18
16 17 18 10 11 12 13 14 15 1 2 3 4 5 6 7 8 9
19
19 16 17 18 10 11 12 13 14 15 1 2 3 4 5 6 7 8 9
20
20 19 16 17 18 10 11 12 13 14 15 1 2 3 4 5 6 7 8 9
20
19 20 16 17 18 10 11 12 13 14 15 1 2 3 4 5 6 7 8 9
21
21 19 20 16 17 18 10 11 12 13 14 15 1 2 3 4 5 6 7 8 9
22
22 21 19 20 16 17 18 10 11 12 13 14 15 1 2 3 4 5 6 7 8 9
22
21 22 19 20 16 17 18 10 11 12 13 14 15 1 2 3 4 5 6 7 8 9
21
19 20 21 16 17 18 10 11 12 13 14 15 1 2 3 4 5 6 7 8 9
19
16 17 18 19 10 11 12 13 14 15 1 2 3 4 5 6 7 8 9
20
20 16 17 18 19 10 11 12 13 14 15 1 2 3 4 5 6 7 8 9
21
21 20 16 17 18 19 10 11 12 13 14 15 1 2 3 4 5 6 7 8 9
21
20 21 16 17 18 19 10 11 12 13 14 15 1 2 3 4 5 6 7 8 9
22
22 20 21 16 17 18 19 10 11 12 13 14 15 1 2 3 4 5 6 7 8 9
23
23 22 20 21 16 17 18 19 10 11 12 13 14 15 1 2 3 4 5 6 7 8 9
23
22 23 20 21 16 17 18 19 10 11 12 13 14 15 1 2 3 4 5 6 7 8 9
22
20 21 22 16 17 18 19 10 11 12 13 14 15 1 2 3 4 5 6 7 8 9
23
23 20 21 22 16 17 18 19 10 11 12 13 14 15 1 2 3 4 5 6 7 8 9
24
24 23 20 21 22 16 17 18 19 10 11 12 13 14 15 1 2 3 4 5 6 7 8 9
24
23 24 20 21 22 16 17 18 19 10 11 12 13 14 15 1 2 3 4 5 6 7 8 9
25
25 23 24 20 21 22 16 17 18 19 10 11 12 13 14 15 1 2 3 4 5 6 7 8 9
26
26 25 23 24 20 21 22 16 17 18 19 10 11 12 13 14 15 1 2 3 4 5 6 7 8 9
26
25 26 23 24 20 21 22 16 17 18 19 10 11 12 13 14 15 1 2 3 4 5 6 7 8 9
25
23 24 25 20 21 22 16 17 18 19 10 11 12 13 14 15 1 2 3 4 5 6 7 8 9
23
20 21 22 23 16 17 18 19 10 11 12 13 14 15 1 2 3 4 5 6 7 8 9
20
16 17 18 19 20 10 11 12 13 14 15 1 2 3 4 5 6 7 8 9
21
21 16 17 18 19 20 10 11 12 13 14 15 1 2 3 4 5 6 7 8 9
22
22 21 16 17 18 19 20 10 11 12 13 14 15 1 2 3 4 5 6 7 8 9
22
21 22 16 17 18 19 20 10 11 12 13 14 15 1 2 3 4 5 6 7 8 9
23
23 21 22 16 17 18 19 20 10 11 12 13 14 15 1 2 3 4 5 6 7 8 9
24
24 23 21 22 16 17 18 19 20 10 11 12 13 14 15 1 2 3 4 5 6 7 8 9
24
23 24 21 22 16 17 18 19 20 10 11 12 13 14 15 1 2 3 4 5 6 7 8 9
23
21 22 23 16 17 18 19 20 10 11 12 13 14 15 1 2 3 4 5 6 7 8 9
24
24 21 22 23 16 17 18 19 20 10 11 12 13 14 15 1 2 3 4 5 6 7 8 9
25
25 24 21 22 23 16 17 18 19 20 10 11 12 13 14 15 1 2 3 4 5 6 7 8 9
25
24 25 21 22 23 16 17 18 19 20 10 11 12 13 14 15 1 2 3 4 5 6 7 8 9
26
26 24 25 21 22 23 16 17 18 19 20 10 11 12 13 14 15 1 2 3 4 5 6 7 8 9
27
27 26 24 25 21 22 23 16 17 18 19 20 10 11 12 13 14 15 1 2 3 4 5 6 7 8 9
27
26 27 24 25 21 22 23 16 17 18 19 20 10 11 12 13 14 15 1 2 3 4 5 6 7 8 9
26
24 25 26 21 22 23 16 17 18 19 20 10 11 12 13 14 15 1 2 3 4 5 6 7 8 9
24
21 22 23 24 16 17 18 19 20 10 11 12 13 14 15 1 2 3 4 5 6 7 8 9
25
25 21 22 23 24 16 17 18 19 20 10 11 12 13 14 15 1 2 3 4 5 6 7 8 9
26
26 25 21 22 23 24 16 17 18 19 20 10 11 12 13 14 15 1 2 3 4 5 6 7 8 9
26
25 26 21 22 23 24 16 17 18 19 20 10 11 12 13 14 15 1 2 3 4 5 6 7 8 9
27
27 25 26 21 22 23 24 16 17 18 19 20 10 11 12 13 14 15 1 2 3 4 5 6 7 8 9
28
28 27 25 26 21 22 23 24 16 17 18 19 20 10 11 12 13 14 15 1 2 3 4 5 6 7 8 9
28
27 28 25 26 21 22 23 24 16 17 18 19 20 10 11 12 13 14 15 1 2 3 4 5 6 7 8 9
27
25 26 27 21 22 23 24 16 17 18 19 20 10 11 12 13 14 15 1 2 3 4 5 6 7 8 9
28
28 25 26 27 21 22 23 24 16 17 18 19 20 10 11 12 13 14 15 1 2 3 4 5 6 7 8 9
29
29 28 25 26 27 21 22 23 24 16 17 18 19 20 10 11 12 13 14 15 1 2 3 4 5 6 7 8 9
29
28 29 25 26 27 21 22 23 24 16 17 18 19 20 10 11 12 13 14 15 1 2 3 4 5 6 7 8 9
30
30 28 29 25 26 27 21 22 23 24 16 17 18 19 20 10 11 12 13 14 15 1 2 3 4 5 6 7 8 9
31
31 30 28 29 25 26 27 21 22 23 24 16 17 18 19 20 10 11 12 13 14 15 1 2 3 4 5 6 7 8 9
31
30 31 28 29 25 26 27 21 22 23 24 16 17 18 19 20 10 11 12 13 14 15 1 2 3 4 5 6 7 8 9
30
28 29 30 25 26 27 21 22 23 24 16 17 18 19 20 10 11 12 13 14 15 1 2 3 4 5 6 7 8 9
28
25 26 27 28 21 22 23 24 16 17 18 19 20 10 11 12 13 14 15 1 2 3 4 5 6 7 8 9
25
21 22 23 24 25 16 17 18 19 20 10 11 12 13 14 15 1 2 3 4 5 6 7 8 9
21
16 17 18 19 20 21 10 11 12 13 14 15 1 2 3 4 5 6 7 8 9
16
10 11 12 13 14 15 16 1 2 3 4 5 6 7 8 9
17
17 10 11 12 13 14 15 16 1 2 3 4 5 6 7 8 9
18
18 17 10 11 12 13 14 15 16 1 2 3 4 5 6 7 8 9
18
17 18 10 11 12 13 14 15 16 1 2 3 4 5 6 7 8 9
19
19 17 18 10 11 12 13 14 15 16 1 2 3 4 5 6 7 8 9
20
20 19 17 18 10 11 12 13 14 15 16 1 2 3 4 5 6 7 8 9
20
19 20 17 18 10 11 12 13 14 15 16 1 2 3 4 5 6 7 8 9
19
17 18 19 10 11 12 13 14 15 16 1 2 3 4 5 6 7 8 9
20
20 17 18 19 10 11 12 13 14 15 16 1 2 3 4 5 6 7 8 9
21
21 20 17 18 19 10 11 12 13 14 15 16 1 2 3 4 5 6 7 8 9
21
20 21 17 18 19 10 11 12 13 14 15 16 1 2 3 4 5 6 7 8 9
22
22 20 21 17 18 19 10 11 12 13 14 15 16 1 2 3 4 5 6 7 8 9
23
23 22 20 21 17 18 19 10 11 12 13 14 15 16 1 2 3 4 5 6 7 8 9
23
22 23 20 21 17 18 19 10 11 12 13 14 15 16 1 2 3 4 5 6 7 8 9
22
20 21 22 17 18 19 10 11 12 13 14 15 16 1 2 3 4 5 6 7 8 9
20
17 18 19 20 10 11 12 13 14 15 16 1 2 3 4 5 6 7 8 9
21
21 17 18 19 20 10 11 12 13 14 15 16 1 2 3 4 5 6 7 8 9
22
22 21 17 18 19 20 10 11 12 13 14 15 16 1 2 3 4 5 6 7 8 9
22
21 22 17 18 19 20 10 11 12 13 14 15 16 1 2 3 4 5 6 7 8 9
23
23 21 22 17 18 19 20 10 11 12 13 14 15 16 1 2 3 4 5 6 7 8 9
24
24 23 21 22 17 18 19 20 10 11 12 13 14 15 16 1 2 3 4 5 6 7 8 9
24
23 24 21 22 17 18 19 20 10 11 12 13 14 15 16 1 2 3 4 5 6 7 8 9
23
21 22 23 17 18 19 20 10 11 12 13 14 15 16 1 2 3 4 5 6 7 8 9
24
24 21 22 23 17 18 19 20 10 11 12 13 14 15 16 1 2 3 4 5 6 7 8 9
25
25 24 21 22 23 17 18 19 20 10 11 12 13 14 15 16 1 2 3 4 5 6 7 8 9
25
24 25 21 22 23 17 18 19 20 10 11 12 13 14 15 16 1 2 3 4 5 6 7 8 9
26
26 24 25 21 22 23 17 18 19 20 10 11 12 13 14 15 16 1 2 3 4 5 6 7 8 9
27
27 26 24 25 21 22 23 17 18 19 20 10 11 12 13 14 15 16 1 2 3 4 5 6 7 8 9
27
26 27 24 25 21 22 23 17 18 19 20 10 11 12 13 14 15 16 1 2 3 4 5 6 7 8 9
26
24 25 26 21 22 23 17 18 19 20 10 11 12 13 14 15 16 1 2 3 4 5 6 7 8 9
24
21 22 23 24 17 18 19 20 10 11 12 13 14 15 16 1 2 3 4 5 6 7 8 9
21
17 18 19 20 21 10 11 12 13 14 15 16 1 2 3 4 5 6 7 8 9
22
22 17 18 19 20 21 10 11 12 13 14 15 16 1 2 3 4 5 6 7 8 9
23
23 22 17 18 19 20 21 10 11 12 13 14 15 16 1 2 3 4 5 6 7 8 9
23
22 23 17 18 19 20 21 10 11 12 13 14 15 16 1 2 3 4 5 6 7 8 9
24
24 22 23 17 18 19 20 21 10 11 12 13 14 15 16 1 2 3 4 5 6 7 8 9
25
25 24 22 23 17 18 19 20 21 10 11 12 13 14 15 16 1 2 3 4 5 6 7 8 9
25
24 25 22 23 17 18 19 20 21 10 11 12 13 14 15 16 1 2 3 4 5 6 7 8 9
24
22 23 24 17 18 19 20 21 10 11 12 13 14 15 16 1 2 3 4 5 6 7 8 9
25
25 22 23 24 17 18 19 20 21 10 11 12 13 14 15 16 1 2 3 4 5 6 7 8 9
26
26 25 22 23 24 17 18 19 20 21 10 11 12 13 14 15 16 1 2 3 4 5 6 7 8 9
26
25 26 22 23 24 17 18 19 20 21 10 11 12 13 14 15 16 1 2 3 4 5 6 7 8 9
27
27 25 26 22 23 24 17 18 19 20 21 10 11 12 13 14 15 16 1 2 3 4 5 6 7 8 9
28
28 27 25 26 22 23 24 17 18 19 20 21 10 11 12 13 14 15 16 1 2 3 4 5 6 7 8 9
28
27 28 25 26 22 23 24 17 18 19 20 21 10 11 12 13 14 15 16 1 2 3 4 5 6 7 8 9
27
25 26 27 22 23 24 17 18 19 20 21 10 11 12 13 14 15 16 1 2 3 4 5 6 7 8 9
25
22 23 24 25 17 18 19 20 21 10 11 12 13 14 15 16 1 2 3 4 5 6 7 8 9
26
26 22 23 24 25 17 18 19 20 21 10 11 12 13 14 15 16 1 2 3 4 5 6 7 8 9
27
27 26 22 23 24 25 17 18 19 20 21 10 11 12 13 14 15 16 1 2 3 4 5 6 7 8 9
27
26 27 22 23 24 25 17 18 19 20 21 10 11 12 13 14 15 16 1 2 3 4 5 6 7 8 9
28
28 26 27 22 23 24 25 17 18 19 20 21 10 11 12 13 14 15 16 1 2 3 4 5 6 7 8 9
29
29 28 26 27 22 23 24 25 17 18 19 20 21 10 11 12 13 14 15 16 1 2 3 4 5 6 7 8 9
29
28 29 26 27 22 23 24 25 17 18 19 20 21 10 11 12 13 14 15 16 1 2 3 4 5 6 7 8 9
28
26 27 28 22 23 24 25 17 18 19 20 21 10 11 12 13 14 15 16 1 2 3 4 5 6 7 8 9
29
29 26 27 28 22 23 24 25 17 18 19 20 21 10 11 12 13 14 15 16 1 2 3 4 5 6 7 8 9
30
30 29 26 27 28 22 23 24 25 17 18 19 20 21 10 11 12 13 14 15 16 1 2 3 4 5 6 7 8 9
30
29 30 26 27 28 22 23 24 25 17 18 19 20 21 10 11 12 13 14 15 16 1 2 3 4 5 6 7 8 9
31
31 29 30 26 27 28 22 23 24 25 17 18 19 20 21 10 11 12 13 14 15 16 1 2 3 4 5 6 7 8 9
32
32 31 29 30 26 27 28 22 23 24 25 17 18 19 20 21 10 11 12 13 14 15 16 1 2 3 4 5 6 7 8 9
32
31 32 29 30 26 27 28 22 23 24 25 17 18 19 20 21 10 11 12 13 14 15 16 1 2 3 4 5 6 7 8 9
31
29 30 31 26 27 28 22 23 24 25 17 18 19 20 21 10 11 12 13 14 15 16 1 2 3 4 5 6 7 8 9
29
26 27 28 29 22 23 24 25 17 18 19 20 21 10 11 12 13 14 15 16 1 2 3 4 5 6 7 8 9
26
22 23 24 25 26 17 18 19 20 21 10 11 12 13 14 15 16 1 2 3 4 5 6 7 8 9
22
17 18 19 20 21 22 10 11 12 13 14 15 16 1 2 3 4 5 6 7 8 9
23
23 17 18 19 20 21 22 10 11 12 13 14 15 16 1 2 3 4 5 6 7 8 9
24
24 23 17 18 19 20 21 22 10 11 12 13 14 15 16 1 2 3 4 5 6 7 8 9
24
23 24 17 18 19 20 21 22 10 11 12 13 14 15 16 1 2 3 4 5 6 7 8 9
25
25 23 24 17 18 19 20 21 22 10 11 12 13 14 15 16 1 2 3 4 5 6 7 8 9
26
26 25 23 24 17 18 19 20 21 22 10 11 12 13 14 15 16 1 2 3 4 5 6 7 8 9
26
25 26 23 24 17 18 19 20 21 22 10 11 12 13 14 15 16 1 2 3 4 5 6 7 8 9
25
23 24 25 17 18 19 20 21 22 10 11 12 13 14 15 16 1 2 3 4 5 6 7 8 9
26
26 23 24 25 17 18 19 20 21 22 10 11 12 13 14 15 16 1 2 3 4 5 6 7 8 9
27
27 26 23 24 25 17 18 19 20 21 22 10 11 12 13 14 15 16 1 2 3 4 5 6 7 8 9
27
26 27 23 24 25 17 18 19 20 21 22 10 11 12 13 14 15 16 1 2 3 4 5 6 7 8 9
28
28 26 27 23 24 25 17 18 19 20 21 22 10 11 12 13 14 15 16 1 2 3 4 5 6 7 8 9
29
29 28 26 27 23 24 25 17 18 19 20 21 22 10 11 12 13 14 15 16 1 2 3 4 5 6 7 8 9
29
28 29 26 27 23 24 25 17 18 19 20 21 22 10 11 12 13 14 15 16 1 2 3 4 5 6 7 8 9
28
26 27 28 23 24 25 17 18 19 20 21 22 10 11 12 13 14 15 16 1 2 3 4 5 6 7 8 9
26
23 24 25 26 17 18 19 20 21 22 10 11 12 13 14 15 16 1 2 3 4 5 6 7 8 9
27
27 23 24 25 26 17 18 19 20 21 22 10 11 12 13 14 15 16 1 2 3 4 5 6 7 8 9
28
28 27 23 24 25 26 17 18 19 20 21 22 10 11 12 13 14 15 16 1 2 3 4 5 6 7 8 9
28
27 28 23 24 25 26 17 18 19 20 21 22 10 11 12 13 14 15 16 1 2 3 4 5 6 7 8 9
29
29 27 28 23 24 25 26 17 18 19 20 21 22 10 11 12 13 14 15 16 1 2 3 4 5 6 7 8 9
30
30 29 27 28 23 24 25 26 17 18 19 20 21 22 10 11 12 13 14 15 16 1 2 3 4 5 6 7 8 9
30
29 30 27 28 23 24 25 26 17 18 19 20 21 22 10 11 12 13 14 15 16 1 2 3 4 5 6 7 8 9
29
27 28 29 23 24 25 26 17 18 19 20 21 22 10 11 12 13 14 15 16 1 2 3 4 5 6 7 8 9
30
30 27 28 29 23 24 25 26 17 18 19 20 21 22 10 11 12 13 14 15 16 1 2 3 4 5 6 7 8 9
31
31 30 27 28 29 23 24 25 26 17 18 19 20 21 22 10 11 12 13 14 15 16 1 2 3 4 5 6 7 8 9
31
30 31 27 28 29 23 24 25 26 17 18 19 20 21 22 10 11 12 13 14 15 16 1 2 3 4 5 6 7 8 9
32
32 30 31 27 28 29 23 24 25 26 17 18 19 20 21 22 10 11 12 13 14 15 16 1 2 3 4 5 6 7 8 9
33
33 32 30 31 27 28 29 23 24 25 26 17 18 19 20 21 22 10 11 12 13 14 15 16 1 2 3 4 5 6 7 8 9
33
32 33 30 31 27 28 29 23 24 25 26 17 18 19 20 21 22 10 11 12 13 14 15 16 1 2 3 4 5 6 7 8 9
32
30 31 32 27 28 29 23 24 25 26 17 18 19 20 21 22 10 11 12 13 14 15 16 1 2 3 4 5 6 7 8 9
30
27 28 29 30 23 24 25 26 17 18 19 20 21 22 10 11 12 13 14 15 16 1 2 3 4 5 6 7 8 9
27
23 24 25 26 27 17 18 19 20 21 22 10 11 12 13 14 15 16 1 2 3 4 5 6 7 8 9
28
28 23 24 25 26 27 17 18 19 20 21 22 10 11 12 13 14 15 16 1 2 3 4 5 6 7 8 9
29
29 28 23 24 25 26 27 17 18 19 20 21 22 10 11 12 13 14 15 16 1 2 3 4 5 6 7 8 9
29
28 29 23 24 25 26 27 17 18 19 20 21 22 10 11 12 13 14 15 16 1 2 3 4 5 6 7 8 9
30
30 28 29 23 24 25 26 27 17 18 19 20 21 22 10 11 12 13 14 15 16 1 2 3 4 5 6 7 8 9
31
31 30 28 29 23 24 25 26 27 17 18 19 20 21 22 10 11 12 13 14 15 16 1 2 3 4 5 6 7 8 9
31
30 31 28 29 23 24 25 26 27 17 18 19 20 21 22 10 11 12 13 14 15 16 1 2 3 4 5 6 7 8 9
30
28 29 30 23 24 25 26 27 17 18 19 20 21 22 10 11 12 13 14 15 16 1 2 3 4 5 6 7 8 9
31
31 28 29 30 23 24 25 26 27 17 18 19 20 21 22 10 11 12 13 14 15 16 1 2 3 4 5 6 7 8 9
32
32 31 28 29 30 23 24 25 26 27 17 18 19 20 21 22 10 11 12 13 14 15 16 1 2 3 4 5 6 7 8 9
32
31 32 28 29 30 23 24 25 26 27 17 18 19 20 21 22 10 11 12 13 14 15 16 1 2 3 4 5 6 7 8 9
33
33 31 32 28 29 30 23 24 25 26 27 17 18 19 20 21 22 10 11 12 13 14 15 16 1 2 3 4 5 6 7 8 9
34
34 33 31 32 28 29 30 23 24 25 26 27 17 18 19 20 21 22 10 11 12 13 14 15 16 1 2 3 4 5 6 7 8 9
34
33 34 31 32 28 29 30 23 24 25 26 27 17 18 19 20 21 22 10 11 12 13 14 15 16 1 2 3 4 5 6 7 8 9
33
31 32 33 28 29 30 23 24 25 26 27 17 18 19 20 21 22 10 11 12 13 14 15 16 1 2 3 4 5 6 7 8 9
31
28 29 30 31 23 24 25 26 27 17 18 19 20 21 22 10 11 12 13 14 15 16 1 2 3 4 5 6 7 8 9
32
32 28 29 30 31 23 24 25 26 27 17 18 19 20 21 22 10 11 12 13 14 15 16 1 2 3 4 5 6 7 8 9
33
33 32 28 29 30 31 23 24 25 26 27 17 18 19 20 21 22 10 11 12 13 14 15 16 1 2 3 4 5 6 7 8 9
33
32 33 28 29 30 31 23 24 25 26 27 17 18 19 20 21 22 10 11 12 13 14 15 16 1 2 3 4 5 6 7 8 9
34
34 32 33 28 29 30 31 23 24 25 26 27 17 18 19 20 21 22 10 11 12 13 14 15 16 1 2 3 4 5 6 7 8 9
35
35 34 32 33 28 29 30 31 23 24 25 26 27 17 18 19 20 21 22 10 11 12 13 14 15 16 1 2 3 4 5 6 7 8 9
35
34 35 32 33 28 29 30 31 23 24 25 26 27 17 18 19 20 21 22 10 11 12 13 14 15 16 1 2 3 4 5 6 7 8 9
34
32 33 34 28 29 30 31 23 24 25 26 27 17 18 19 20 21 22 10 11 12 13 14 15 16 1 2 3 4 5 6 7 8 9
35
35 32 33 34 28 29 30 31 23 24 25 26 27 17 18 19 20 21 22 10 11 12 13 14 15 16 1 2 3 4 5 6 7 8 9
36
36 35 32 33 34 28 29 30 31 23 24 25 26 27 17 18 19 20 21 22 10 11 12 13 14 15 16 1 2 3 4 5 6 7 8 9
36
35 36 32 33 34 28 29 30 31 23 24 25 26 27 17 18 19 20 21 22 10 11 12 13 14 15 16 1 2 3 4 5 6 7 8 9
37
37 35 36 32 33 34 28 29 30 31 23 24 25 26 27 17 18 19 20 21 22 10 11 12 13 14 15 16 1 2 3 4 5 6 7 8 9
38
38 37 35 36 32 33 34 28 29 30 31 23 24 25 26 27 17 18 19 20 21 22 10 11 12 13 14 15 16 1 2 3 4 5 6 7 8 9
38
37 38 35 36 32 33 34 28 29 30 31 23 24 25 26 27 17 18 19 20 21 22 10 11 12 13 14 15 16 1 2 3 4 5 6 7 8 9
37
35 36 37 32 33 34 28 29 30 31 23 24 25 26 27 17 18 19 20 21 22 10 11 12 13 14 15 16 1 2 3 4 5 6 7 8 9
35
32 33 34 35 28 29 30 31 23 24 25 26 27 17 18 19 20 21 22 10 11 12 13 14 15 16 1 2 3 4 5 6 7 8 9
32
28 29 30 31 32 23 24 25 26 27 17 18 19 20 21 22 10 11 12 13 14 15 16 1 2 3 4 5 6 7 8 9
28
23 24 25 26 27 28 17 18 19 20 21 22 10 11 12 13 14 15 16 1 2 3 4 5 6 7 8 9
23
17 18 19 20 21 22 23 10 11 12 13 14 15 16 1 2 3 4 5 6 7 8 9
17
10 11 12 13 14 15 16 17 1 2 3 4 5 6 7 8 9
18
18 10 11 12 13 14 15 16 17 1 2 3 4 5 6 7 8 9
19
19 18 10 11 12 13 14 15 16 17 1 2 3 4 5 6 7 8 9
19
18 19 10 11 12 13 14 15 16 17 1 2 3 4 5 6 7 8 9
20
20 18 19 10 11 12 13 14 15 16 17 1 2 3 4 5 6 7 8 9
21
21 20 18 19 10 11 12 13 14 15 16 17 1 2 3 4 5 6 7 8 9
21
20 21 18 19 10 11 12 13 14 15 16 17 1 2 3 4 5 6 7 8 9
20
18 19 20 10 11 12 13 14 15 16 17 1 2 3 4 5 6 7 8 9
21
21 18 19 20 10 11 12 13 14 15 16 17 1 2 3 4 5 6 7 8 9
22
22 21 18 19 20 10 11 12 13 14 15 16 17 1 2 3 4 5 6 7 8 9
22
21 22 18 19 20 10 11 12 13 14 15 16 17 1 2 3 4 5 6 7 8 9
23
23 21 22 18 19 20 10 11 12 13 14 15 16 17 1 2 3 4 5 6 7 8 9
24
24 23 21 22 18 19 20 10 11 12 13 14 15 16 17 1 2 3 4 5 6 7 8 9
24
23 24 21 22 18 19 20 10 11 12 13 14 15 16 17 1 2 3 4 5 6 7 8 9
23
21 22 23 18 19 20 10 11 12 13 14 15 16 17 1 2 3 4 5 6 7 8 9
21
18 19 20 21 10 11 12 13 14 15 16 17 1 2 3 4 5 6 7 8 9
22
22 18 19 20 21 10 11 12 13 14 15 16 17 1 2 3 4 5 6 7 8 9
23
23 22 18 19 20 21 10 11 12 13 14 15 16 17 1 2 3 4 5 6 7 8 9
23
22 23 18 19 20 21 10 11 12 13 14 15 16 17 1 2 3 4 5 6 7 8 9
24
24 22 23 18 19 20 21 10 11 12 13 14 15 16 17 1 2 3 4 5 6 7 8 9
25
25 24 22 23 18 19 20 21 10 11 12 13 14 15 16 17 1 2 3 4 5 6 7 8 9
25
24 25 22 23 18 19 20 21 10 11 12 13 14 15 16 17 1 2 3 4 5 6 7 8 9
24
22 23 24 18 19 20 21 10 11 12 13 14 15 16 17 1 2 3 4 5 6 7 8 9
25
25 22 23 24 18 19 20 21 10 11 12 13 14 15 16 17 1 2 3 4 5 6 7 8 9
26
26 25 22 23 24 18 19 20 21 10 11 12 13 14 15 16 17 1 2 3 4 5 6 7 8 9
26
25 26 22 23 24 18 19 20 21 10 11 12 13 14 15 16 17 1 2 3 4 5 6 7 8 9
27
27 25 26 22 23 24 18 19 20 21 10 11 12 13 14 15 16 17 1 2 3 4 5 6 7 8 9
28
28 27 25 26 22 23 24 18 19 20 21 10 11 12 13 14 15 16 17 1 2 3 4 5 6 7 8 9
28
27 28 25 26 22 23 24 18 19 20 21 10 11 12 13 14 15 16 17 1 2 3 4 5 6 7 8 9
27
25 26 27 22 23 24 18 19 20 21 10 11 12 13 14 15 16 17 1 2 3 4 5 6 7 8 9
25
22 23 24 25 18 19 20 21 10 11 12 13 14 15 16 17 1 2 3 4 5 6 7 8 9
22
18 19 20 21 22 10 11 12 13 14 15 16 17 1 2 3 4 5 6 7 8 9
23
23 18 19 20 21 22 10 11 12 13 14 15 16 17 1 2 3 4 5 6 7 8 9
24
24 23 18 19 20 21 22 10 11 12 13 14 15 16 17 1 2 3 4 5 6 7 8 9
24
23 24 18 19 20 21 22 10 11 12 13 14 15 16 17 1 2 3 4 5 6 7 8 9
25
25 23 24 18 19 20 21 22 10 11 12 13 14 15 16 17 1 2 3 4 5 6 7 8 9
26
26 25 23 24 18 19 20 21 22 10 11 12 13 14 15 16 17 1 2 3 4 5 6 7 8 9
26
25 26 23 24 18 19 20 21 22 10 11 12 13 14 15 16 17 1 2 3 4 5 6 7 8 9
25
23 24 25 18 19 20 21 22 10 11 12 13 14 15 16 17 1 2 3 4 5 6 7 8 9
26
26 23 24 25 18 19 20 21 22 10 11 12 13 14 15 16 17 1 2 3 4 5 6 7 8 9
27
27 26 23 24 25 18 19 20 21 22 10 11 12 13 14 15 16 17 1 2 3 4 5 6 7 8 9
27
26 27 23 24 25 18 19 20 21 22 10 11 12 13 14 15 16 17 1 2 3 4 5 6 7 8 9
28
28 26 27 23 24 25 18 19 20 21 22 10 11 12 13 14 15 16 17 1 2 3 4 5 6 7 8 9
29
29 28 26 27 23 24 25 18 19 20 21 22 10 11 12 13 14 15 16 17 1 2 3 4 5 6 7 8 9
29
28 29 26 27 23 24 25 18 19 20 21 22 10 11 12 13 14 15 16 17 1 2 3 4 5 6 7 8 9
28
26 27 28 23 24 25 18 19 20 21 22 10 11 12 13 14 15 16 17 1 2 3 4 5 6 7 8 9
26
23 24 25 26 18 19 20 21 22 10 11 12 13 14 15 16 17 1 2 3 4 5 6 7 8 9
27
27 23 24 25 26 18 19 20 21 22 10 11 12 13 14 15 16 17 1 2 3 4 5 6 7 8 9
28
28 27 23 24 25 26 18 19 20 21 22 10 11 12 13 14 15 16 17 1 2 3 4 5 6 7 8 9
28
27 28 23 24 25 26 18 19 20 21 22 10 11 12 13 14 15 16 17 1 2 3 4 5 6 7 8 9
29
29 27 28 23 24 25 26 18 19 20 21 22 10 11 12 13 14 15 16 17 1 2 3 4 5 6 7 8 9
30
30 29 27 28 23 24 25 26 18 19 20 21 22 10 11 12 13 14 15 16 17 1 2 3 4 5 6 7 8 9
30
29 30 27 28 23 24 25 26 18 19 20 21 22 10 11 12 13 14 15 16 17 1 2 3 4 5 6 7 8 9
29
27 28 29 23 24 25 26 18 19 20 21 22 10 11 12 13 14 15 16 17 1 2 3 4 5 6 7 8 9
30
30 27 28 29 23 24 25 26 18 19 20 21 22 10 11 12 13 14 15 16 17 1 2 3 4 5 6 7 8 9
31
31 30 27 28 29 23 24 25 26 18 19 20 21 22 10 11 12 13 14 15 16 17 1 2 3 4 5 6 7 8 9
31
30 31 27 28 29 23 24 25 26 18 19 20 21 22 10 11 12 13 14 15 16 17 1 2 3 4 5 6 7 8 9
32
32 30 31 27 28 29 23 24 25 26 18 19 20 21 22 10 11 12 13 14 15 16 17 1 2 3 4 5 6 7 8 9
33
33 32 30 31 27 28 29 23 24 25 26 18 19 20 21 22 10 11 12 13 14 15 16 17 1 2 3 4 5 6 7 8 9
33
32 33 30 31 27 28 29 23 24 25 26 18 19 20 21 22 10 11 12 13 14 15 16 17 1 2 3 4 5 6 7 8 9
32
30 31 32 27 28 29 23 24 25 26 18 19 20 21 22 10 11 12 13 14 15 16 17 1 2 3 4 5 6 7 8 9
30
27 28 29 30 23 24 25 26 18 19 20 21 22 10 11 12 13 14 15 16 17 1 2 3 4 5 6 7 8 9
27
23 24 25 26 27 18 19 20 21 22 10 11 12 13 14 15 16 17 1 2 3 4 5 6 7 8 9
23
18 19 20 21 22 23 10 11 12 13 14 15 16 17 1 2 3 4 5 6 7 8 9
24
24 18 19 20 21 22 23 10 11 12 13 14 15 16 17 1 2 3 4 5 6 7 8 9
25
25 24 18 19 20 21 22 23 10 11 12 13 14 15 16 17 1 2 3 4 5 6 7 8 9
25
24 25 18 19 20 21 22 23 10 11 12 13 14 15 16 17 1 2 3 4 5 6 7 8 9
26
26 24 25 18 19 20 21 22 23 10 11 12 13 14 15 16 17 1 2 3 4 5 6 7 8 9
27
27 26 24 25 18 19 20 21 22 23 10 11 12 13 14 15 16 17 1 2 3 4 5 6 7 8 9
27
26 27 24 25 18 19 20 21 22 23 10 11 12 13 14 15 16 17 1 2 3 4 5 6 7 8 9
26
24 25 26 18 19 20 21 22 23 10 11 12 13 14 15 16 17 1 2 3 4 5 6 7 8 9
27
27 24 25 26 18 19 20 21 22 23 10 11 12 13 14 15 16 17 1 2 3 4 5 6 7 8 9
28
28 27 24 25 26 18 19 20 21 22 23 10 11 12 13 14 15 16 17 1 2 3 4 5 6 7 8 9
28
27 28 24 25 26 18 19 20 21 22 23 10 11 12 13 14 15 16 17 1 2 3 4 5 6 7 8 9
29
29 27 28 24 25 26 18 19 20 21 22 23 10 11 12 13 14 15 16 17 1 2 3 4 5 6 7 8 9
30
30 29 27 28 24 25 26 18 19 20 21 22 23 10 11 12 13 14 15 16 17 1 2 3 4 5 6 7 8 9
30
29 30 27 28 24 25 26 18 19 20 21 22 23 10 11 12 13 14 15 16 17 1 2 3 4 5 6 7 8 9
29
27 28 29 24 25 26 18 19 20 21 22 23 10 11 12 13 14 15 16 17 1 2 3 4 5 6 7 8 9
27
24 25 26 27 18 19 20 21 22 23 10 11 12 13 14 15 16 17 1 2 3 4 5 6 7 8 9
28
28 24 25 26 27 18 19 20 21 22 23 10 11 12 13 14 15 16 17 1 2 3 4 5 6 7 8 9
29
29 28 24 25 26 27 18 19 20 21 22 23 10 11 12 13 14 15 16 17 1 2 3 4 5 6 7 8 9
29
28 29 24 25 26 27 18 19 20 21 22 23 10 11 12 13 14 15 16 17 1 2 3 4 5 6 7 8 9
30
30 28 29 24 25 26 27 18 19 20 21 22 23 10 11 12 13 14 15 16 17 1 2 3 4 5 6 7 8 9
31
31 30 28 29 24 25 26 27 18 19 20 21 22 23 10 11 12 13 14 15 16 17 1 2 3 4 5 6 7 8 9
31
30 31 28 29 24 25 26 27 18 19 20 21 22 23 10 11 12 13 14 15 16 17 1 2 3 4 5 6 7 8 9
30
28 29 30 24 25 26 27 18 19 20 21 22 23 10 11 12 13 14 15 16 17 1 2 3 4 5 6 7 8 9
31
31 28 29 30 24 25 26 27 18 19 20 21 22 23 10 11 12 13 14 15 16 17 1 2 3 4 5 6 7 8 9
32
32 31 28 29 30 24 25 26 27 18 19 20 21 22 23 10 11 12 13 14 15 16 17 1 2 3 4 5 6 7 8 9
32
31 32 28 29 30 24 25 26 27 18 19 20 21 22 23 10 11 12 13 14 15 16 17 1 2 3 4 5 6 7 8 9
33
33 31 32 28 29 30 24 25 26 27 18 19 20 21 22 23 10 11 12 13 14 15 16 17 1 2 3 4 5 6 7 8 9
34
34 33 31 32 28 29 30 24 25 26 27 18 19 20 21 22 23 10 11 12 13 14 15 16 17 1 2 3 4 5 6 7 8 9
34
33 34 31 32 28 29 30 24 25 26 27 18 19 20 21 22 23 10 11 12 13 14 15 16 17 1 2 3 4 5 6 7 8 9
33
31 32 33 28 29 30 24 25 26 27 18 19 20 21 22 23 10 11 12 13 14 15 16 17 1 2 3 4 5 6 7 8 9
31
28 29 30 31 24 25 26 27 18 19 20 21 22 23 10 11 12 13 14 15 16 17 1 2 3 4 5 6 7 8 9
28
24 25 26 27 28 18 19 20 21 22 23 10 11 12 13 14 15 16 17 1 2 3 4 5 6 7 8 9
29
29 24 25 26 27 28 18 19 20 21 22 23 10 11 12 13 14 15 16 17 1 2 3 4 5 6 7 8 9
30
30 29 24 25 26 27 28 18 19 20 21 22 23 10 11 12 13 14 15 16 17 1 2 3 4 5 6 7 8 9
30
29 30 24 25 26 27 28 18 19 20 21 22 23 10 11 12 13 14 15 16 17 1 2 3 4 5 6 7 8 9
31
31 29 30 24 25 26 27 28 18 19 20 21 22 23 10 11 12 13 14 15 16 17 1 2 3 4 5 6 7 8 9
32
32 31 29 30 24 25 26 27 28 18 19 20 21 22 23 10 11 12 13 14 15 16 17 1 2 3 4 5 6 7 8 9
32
31 32 29 30 24 25 26 27 28 18 19 20 21 22 23 10 11 12 13 14 15 16 17 1 2 3 4 5 6 7 8 9
31
29 30 31 24 25 26 27 28 18 19 20 21 22 23 10 11 12 13 14 15 16 17 1 2 3 4 5 6 7 8 9
32
32 29 30 31 24 25 26 27 28 18 19 20 21 22 23 10 11 12 13 14 15 16 17 1 2 3 4 5 6 7 8 9
33
33 32 29 30 31 24 25 26 27 28 18 19 20 21 22 23 10 11 12 13 14 15 16 17 1 2 3 4 5 6 7 8 9
33
32 33 29 30 31 24 25 26 27 28 18 19 20 21 22 23 10 11 12 13 14 15 16 17 1 2 3 4 5 6 7 8 9
34
34 32 33 29 30 31 24 25 26 27 28 18 19 20 21 22 23 10 11 12 13 14 15 16 17 1 2 3 4 5 6 7 8 9
35
35 34 32 33 29 30 31 24 25 26 27 28 18 19 20 21 22 23 10 11 12 13 14 15 16 17 1 2 3 4 5 6 7 8 9
35
34 35 32 33 29 30 31 24 25 26 27 28 18 19 20 21 22 23 10 11 12 13 14 15 16 17 1 2 3 4 5 6 7 8 9
34
32 33 34 29 30 31 24 25 26 27 28 18 19 20 21 22 23 10 11 12 13 14 15 16 17 1 2 3 4 5 6 7 8 9
32
29 30 31 32 24 25 26 27 28 18 19 20 21 22 23 10 11 12 13 14 15 16 17 1 2 3 4 5 6 7 8 9
33
33 29 30 31 32 24 25 26 27 28 18 19 20 21 22 23 10 11 12 13 14 15 16 17 1 2 3 4 5 6 7 8 9
34
34 33 29 30 31 32 24 25 26 27 28 18 19 20 21 22 23 10 11 12 13 14 15 16 17 1 2 3 4 5 6 7 8 9
34
33 34 29 30 31 32 24 25 26 27 28 18 19 20 21 22 23 10 11 12 13 14 15 16 17 1 2 3 4 5 6 7 8 9
35
35 33 34 29 30 31 32 24 25 26 27 28 18 19 20 21 22 23 10 11 12 13 14 15 16 17 1 2 3 4 5 6 7 8 9
36
36 35 33 34 29 30 31 32 24 25 26 27 28 18 19 20 21 22 23 10 11 12 13 14 15 16 17 1 2 3 4 5 6 7 8 9
36
35 36 33 34 29 30 31 32 24 25 26 27 28 18 19 20 21 22 23 10 11 12 13 14 15 16 17 1 2 3 4 5 6 7 8 9
35
33 34 35 29 30 31 32 24 25 26 27 28 18 19 20 21 22 23 10 11 12 13 14 15 16 17 1 2 3 4 5 6 7 8 9
36
36 33 34 35 29 30 31 32 24 25 26 27 28 18 19 20 21 22 23 10 11 12 13 14 15 16 17 1 2 3 4 5 6 7 8 9
37
37 36 33 34 35 29 30 31 32 24 25 26 27 28 18 19 20 21 22 23 10 11 12 13 14 15 16 17 1 2 3 4 5 6 7 8 9
37
36 37 33 34 35 29 30 31 32 24 25 26 27 28 18 19 20 21 22 23 10 11 12 13 14 15 16 17 1 2 3 4 5 6 7 8 9
38
38 36 37 33 34 35 29 30 31 32 24 25 26 27 28 18 19 20 21 22 23 10 11 12 13 14 15 16 17 1 2 3 4 5 6 7 8 9
39
39 38 36 37 33 34 35 29 30 31 32 24 25 26 27 28 18 19 20 21 22 23 10 11 12 13 14 15 16 17 1 2 3 4 5 6 7 8 9
39
38 39 36 37 33 34 35 29 30 31 32 24 25 26 27 28 18 19 20 21 22 23 10 11 12 13 14 15 16 17 1 2 3 4 5 6 7 8 9
38
36 37 38 33 34 35 29 30 31 32 24 25 26 27 28 18 19 20 21 22 23 10 11 12 13 14 15 16 17 1 2 3 4 5 6 7 8 9
36
33 34 35 36 29 30 31 32 24 25 26 27 28 18 19 20 21 22 23 10 11 12 13 14 15 16 17 1 2 3 4 5 6 7 8 9
33
29 30 31 32 33 24 25 26 27 28 18 19 20 21 22 23 10 11 12 13 14 15 16 17 1 2 3 4 5 6 7 8 9
29
24 25 26 27 28 29 18 19 20 21 22 23 10 11 12 13 14 15 16 17 1 2 3 4 5 6 7 8 9
24
18 19 20 21 22 23 24 10 11 12 13 14 15 16 17 1 2 3 4 5 6 7 8 9
25
25 18 19 20 21 22 23 24 10 11 12 13 14 15 16 17 1 2 3 4 5 6 7 8 9
26
26 25 18 19 20 21 22 23 24 10 11 12 13 14 15 16 17 1 2 3 4 5 6 7 8 9
26
25 26 18 19 20 21 22 23 24 10 11 12 13 14 15 16 17 1 2 3 4 5 6 7 8 9
27
27 25 26 18 19 20 21 22 23 24 10 11 12 13 14 15 16 17 1 2 3 4 5 6 7 8 9
28
28 27 25 26 18 19 20 21 22 23 24 10 11 12 13 14 15 16 17 1 2 3 4 5 6 7 8 9
28
27 28 25 26 18 19 20 21 22 23 24 10 11 12 13 14 15 16 17 1 2 3 4 5 6 7 8 9
27
25 26 27 18 19 20 21 22 23 24 10 11 12 13 14 15 16 17 1 2 3 4 5 6 7 8 9
28
28 25 26 27 18 19 20 21 22 23 24 10 11 12 13 14 15 16 17 1 2 3 4 5 6 7 8 9
29
29 28 25 26 27 18 19 20 21 22 23 24 10 11 12 13 14 15 16 17 1 2 3 4 5 6 7 8 9
29
28 29 25 26 27 18 19 20 21 22 23 24 10 11 12 13 14 15 16 17 1 2 3 4 5 6 7 8 9
30
30 28 29 25 26 27 18 19 20 21 22 23 24 10 11 12 13 14 15 16 17 1 2 3 4 5 6 7 8 9
31
31 30 28 29 25 26 27 18 19 20 21 22 23 24 10 11 12 13 14 15 16 17 1 2 3 4 5 6 7 8 9
31
30 31 28 29 25 26 27 18 19 20 21 22 23 24 10 11 12 13 14 15 16 17 1 2 3 4 5 6 7 8 9
30
28 29 30 25 26 27 18 19 20 21 22 23 24 10 11 12 13 14 15 16 17 1 2 3 4 5 6 7 8 9
28
25 26 27 28 18 19 20 21 22 23 24 10 11 12 13 14 15 16 17 1 2 3 4 5 6 7 8 9
29
29 25 26 27 28 18 19 20 21 22 23 24 10 11 12 13 14 15 16 17 1 2 3 4 5 6 7 8 9
30
30 29 25 26 27 28 18 19 20 21 22 23 24 10 11 12 13 14 15 16 17 1 2 3 4 5 6 7 8 9
30
29 30 25 26 27 28 18 19 20 21 22 23 24 10 11 12 13 14 15 16 17 1 2 3 4 5 6 7 8 9
31
31 29 30 25 26 27 28 18 19 20 21 22 23 24 10 11 12 13 14 15 16 17 1 2 3 4 5 6 7 8 9
32
32 31 29 30 25 26 27 28 18 19 20 21 22 23 24 10 11 12 13 14 15 16 17 1 2 3 4 5 6 7 8 9
32
31 32 29 30 25 26 27 28 18 19 20 21 22 23 24 10 11 12 13 14 15 16 17 1 2 3 4 5 6 7 8 9
31
29 30 31 25 26 27 28 18 19 20 21 22 23 24 10 11 12 13 14 15 16 17 1 2 3 4 5 6 7 8 9
32
32 29 30 31 25 26 27 28 18 19 20 21 22 23 24 10 11 12 13 14 15 16 17 1 2 3 4 5 6 7 8 9
33
33 32 29 30 31 25 26 27 28 18 19 20 21 22 23 24 10 11 12 13 14 15 16 17 1 2 3 4 5 6 7 8 9
33
32 33 29 30 31 25 26 27 28 18 19 20 21 22 23 24 10 11 12 13 14 15 16 17 1 2 3 4 5 6 7 8 9
34
34 32 33 29 30 31 25 26 27 28 18 19 20 21 22 23 24 10 11 12 13 14 15 16 17 1 2 3 4 5 6 7 8 9
35
35 34 32 33 29 30 31 25 26 27 28 18 19 20 21 22 23 24 10 11 12 13 14 15 16 17 1 2 3 4 5 6 7 8 9
35
34 35 32 33 29 30 31 25 26 27 28 18 19 20 21 22 23 24 10 11 12 13 14 15 16 17 1 2 3 4 5 6 7 8 9
34
32 33 34 29 30 31 25 26 27 28 18 19 20 21 22 23 24 10 11 12 13 14 15 16 17 1 2 3 4 5 6 7 8 9
32
29 30 31 32 25 26 27 28 18 19 20 21 22 23 24 10 11 12 13 14 15 16 17 1 2 3 4 5 6 7 8 9
29
25 26 27 28 29 18 19 20 21 22 23 24 10 11 12 13 14 15 16 17 1 2 3 4 5 6 7 8 9
30
30 25 26 27 28 29 18 19 20 21 22 23 24 10 11 12 13 14 15 16 17 1 2 3 4 5 6 7 8 9
31
31 30 25 26 27 28 29 18 19 20 21 22 23 24 10 11 12 13 14 15 16 17 1 2 3 4 5 6 7 8 9
31
30 31 25 26 27 28 29 18 19 20 21 22 23 24 10 11 12 13 14 15 16 17 1 2 3 4 5 6 7 8 9
32
32 30 31 25 26 27 28 29 18 19 20 21 22 23 24 10 11 12 13 14 15 16 17 1 2 3 4 5 6 7 8 9
33
33 32 30 31 25 26 27 28 29 18 19 20 21 22 23 24 10 11 12 13 14 15 16 17 1 2 3 4 5 6 7 8 9
33
32 33 30 31 25 26 27 28 29 18 19 20 21 22 23 24 10 11 12 13 14 15 16 17 1 2 3 4 5 6 7 8 9
32
30 31 32 25 26 27 28 29 18 19 20 21 22 23 24 10 11 12 13 14 15 16 17 1 2 3 4 5 6 7 8 9
33
33 30 31 32 25 26 27 28 29 18 19 20 21 22 23 24 10 11 12 13 14 15 16 17 1 2 3 4 5 6 7 8 9
34
34 33 30 31 32 25 26 27 28 29 18 19 20 21 22 23 24 10 11 12 13 14 15 16 17 1 2 3 4 5 6 7 8 9
34
33 34 30 31 32 25 26 27 28 29 18 19 20 21 22 23 24 10 11 12 13 14 15 16 17 1 2 3 4 5 6 7 8 9
35
35 33 34 30 31 32 25 26 27 28 29 18 19 20 21 22 23 24 10 11 12 13 14 15 16 17 1 2 3 4 5 6 7 8 9
36
36 35 33 34 30 31 32 25 26 27 28 29 18 19 20 21 22 23 24 10 11 12 13 14 15 16 17 1 2 3 4 5 6 7 8 9
36
35 36 33 34 30 31 32 25 26 27 28 29 18 19 20 21 22 23 24 10 11 12 13 14 15 16 17 1 2 3 4 5 6 7 8 9
35
33 34 35 30 31 32 25 26 27 28 29 18 19 20 21 22 23 24 10 11 12 13 14 15 16 17 1 2 3 4 5 6 7 8 9
33
30 31 32 33 25 26 27 28 29 18 19 20 21 22 23 24 10 11 12 13 14 15 16 17 1 2 3 4 5 6 7 8 9
34
34 30 31 32 33 25 26 27 28 29 18 19 20 21 22 23 24 10 11 12 13 14 15 16 17 1 2 3 4 5 6 7 8 9
35
35 34 30 31 32 33 25 26 27 28 29 18 19 20 21 22 23 24 10 11 12 13 14 15 16 17 1 2 3 4 5 6 7 8 9
35
34 35 30 31 32 33 25 26 27 28 29 18 19 20 21 22 23 24 10 11 12 13 14 15 16 17 1 2 3 4 5 6 7 8 9
36
36 34 35 30 31 32 33 25 26 27 28 29 18 19 20 21 22 23 24 10 11 12 13 14 15 16 17 1 2 3 4 5 6 7 8 9
37
37 36 34 35 30 31 32 33 25 26 27 28 29 18 19 20 21 22 23 24 10 11 12 13 14 15 16 17 1 2 3 4 5 6 7 8 9
37
36 37 34 35 30 31 32 33 25 26 27 28 29 18 19 20 21 22 23 24 10 11 12 13 14 15 16 17 1 2 3 4 5 6 7 8 9
36
34 35 36 30 31 32 33 25 26 27 28 29 18 19 20 21 22 23 24 10 11 12 13 14 15 16 17 1 2 3 4 5 6 7 8 9
37
37 34 35 36 30 31 32 33 25 26 27 28 29 18 19 20 21 22 23 24 10 11 12 13 14 15 16 17 1 2 3 4 5 6 7 8 9
38
38 37 34 35 36 30 31 32 33 25 26 27 28 29 18 19 20 21 22 23 24 10 11 12 13 14 15 16 17 1 2 3 4 5 6 7 8 9
38
37 38 34 35 36 30 31 32 33 25 26 27 28 29 18 19 20 21 22 23 24 10 11 12 13 14 15 16 17 1 2 3 4 5 6 7 8 9
39
39 37 38 34 35 36 30 31 32 33 25 26 27 28 29 18 19 20 21 22 23 24 10 11 12 13 14 15 16 17 1 2 3 4 5 6 7 8 9
40
40 39 37 38 34 35 36 30 31 32 33 25 26 27 28 29 18 19 20 21 22 23 24 10 11 12 13 14 15 16 17 1 2 3 4 5 6 7 8 9
40
39 40 37 38 34 35 36 30 31 32 33 25 26 27 28 29 18 19 20 21 22 23 24 10 11 12 13 14 15 16 17 1 2 3 4 5 6 7 8 9
39
37 38 39 34 35 36 30 31 32 33 25 26 27 28 29 18 19 20 21 22 23 24 10 11 12 13 14 15 16 17 1 2 3 4 5 6 7 8 9
37
34 35 36 37 30 31 32 33 25 26 27 28 29 18 19 20 21 22 23 24 10 11 12 13 14 15 16 17 1 2 3 4 5 6 7 8 9
34
30 31 32 33 34 25 26 27 28 29 18 19 20 21 22 23 24 10 11 12 13 14 15 16 17 1 2 3 4 5 6 7 8 9
30
25 26 27 28 29 30 18 19 20 21 22 23 24 10 11 12 13 14 15 16 17 1 2 3 4 5 6 7 8 9
31
31 25 26 27 28 29 30 18 19 20 21 22 23 24 10 11 12 13 14 15 16 17 1 2 3 4 5 6 7 8 9
32
32 31 25 26 27 28 29 30 18 19 20 21 22 23 24 10 11 12 13 14 15 16 17 1 2 3 4 5 6 7 8 9
32
31 32 25 26 27 28 29 30 18 19 20 21 22 23 24 10 11 12 13 14 15 16 17 1 2 3 4 5 6 7 8 9
33
33 31 32 25 26 27 28 29 30 18 19 20 21 22 23 24 10 11 12 13 14 15 16 17 1 2 3 4 5 6 7 8 9
34
34 33 31 32 25 26 27 28 29 30 18 19 20 21 22 23 24 10 11 12 13 14 15 16 17 1 2 3 4 5 6 7 8 9
34
33 34 31 32 25 26 27 28 29 30 18 19 20 21 22 23 24 10 11 12 13 14 15 16 17 1 2 3 4 5 6 7 8 9
33
31 32 33 25 26 27 28 29 30 18 19 20 21 22 23 24 10 11 12 13 14 15 16 17 1 2 3 4 5 6 7 8 9
34
34 31 32 33 25 26 27 28 29 30 18 19 20 21 22 23 24 10 11 12 13 14 15 16 17 1 2 3 4 5 6 7 8 9
35
35 34 31 32 33 25 26 27 28 29 30 18 19 20 21 22 23 24 10 11 12 13 14 15 16 17 1 2 3 4 5 6 7 8 9
35
34 35 31 32 33 25 26 27 28 29 30 18 19 20 21 22 23 24 10 11 12 13 14 15 16 17 1 2 3 4 5 6 7 8 9
36
36 34 35 31 32 33 25 26 27 28 29 30 18 19 20 21 22 23 24 10 11 12 13 14 15 16 17 1 2 3 4 5 6 7 8 9
37
37 36 34 35 31 32 33 25 26 27 28 29 30 18 19 20 21 22 23 24 10 11 12 13 14 15 16 17 1 2 3 4 5 6 7 8 9
37
36 37 34 35 31 32 33 25 26 27 28 29 30 18 19 20 21 22 23 24 10 11 12 13 14 15 16 17 1 2 3 4 5 6 7 8 9
36
34 35 36 31 32 33 25 26 27 28 29 30 18 19 20 21 22 23 24 10 11 12 13 14 15 16 17 1 2 3 4 5 6 7 8 9
34
31 32 33 34 25 26 27 28 29 30 18 19 20 21 22 23 24 10 11 12 13 14 15 16 17 1 2 3 4 5 6 7 8 9
35
35 31 32 33 34 25 26 27 28 29 30 18 19 20 21 22 23 24 10 11 12 13 14 15 16 17 1 2 3 4 5 6 7 8 9
36
36 35 31 32 33 34 25 26 27 28 29 30 18 19 20 21 22 23 24 10 11 12 13 14 15 16 17 1 2 3 4 5 6 7 8 9
36
35 36 31 32 33 34 25 26 27 28 29 30 18 19 20 21 22 23 24 10 11 12 13 14 15 16 17 1 2 3 4 5 6 7 8 9
37
37 35 36 31 32 33 34 25 26 27 28 29 30 18 19 20 21 22 23 24 10 11 12 13 14 15 16 17 1 2 3 4 5 6 7 8 9
38
38 37 35 36 31 32 33 34 25 26 27 28 29 30 18 19 20 21 22 23 24 10 11 12 13 14 15 16 17 1 2 3 4 5 6 7 8 9
38
37 38 35 36 31 32 33 34 25 26 27 28 29 30 18 19 20 21 22 23 24 10 11 12 13 14 15 16 17 1 2 3 4 5 6 7 8 9
37
35 36 37 31 32 33 34 25 26 27 28 29 30 18 19 20 21 22 23 24 10 11 12 13 14 15 16 17 1 2 3 4 5 6 7 8 9
38
38 35 36 37 31 32 33 34 25 26 27 28 29 30 18 19 20 21 22 23 24 10 11 12 13 14 15 16 17 1 2 3 4 5 6 7 8 9
39
39 38 35 36 37 31 32 33 34 25 26 27 28 29 30 18 19 20 21 22 23 24 10 11 12 13 14 15 16 17 1 2 3 4 5 6 7 8 9
39
38 39 35 36 37 31 32 33 34 25 26 27 28 29 30 18 19 20 21 22 23 24 10 11 12 13 14 15 16 17 1 2 3 4 5 6 7 8 9
40
40 38 39 35 36 37 31 32 33 34 25 26 27 28 29 30 18 19 20 21 22 23 24 10 11 12 13 14 15 16 17 1 2 3 4 5 6 7 8 9
41
41 40 38 39 35 36 37 31 32 33 34 25 26 27 28 29 30 18 19 20 21 22 23 24 10 11 12 13 14 15 16 17 1 2 3 4 5 6 7 8 9
41
40 41 38 39 35 36 37 31 32 33 34 25 26 27 28 29 30 18 19 20 21 22 23 24 10 11 12 13 14 15 16 17 1 2 3 4 5 6 7 8 9
40
38 39 40 35 36 37 31 32 33 34 25 26 27 28 29 30 18 19 20 21 22 23 24 10 11 12 13 14 15 16 17 1 2 3 4 5 6 7 8 9
38
35 36 37 38 31 32 33 34 25 26 27 28 29 30 18 19 20 21 22 23 24 10 11 12 13 14 15 16 17 1 2 3 4 5 6 7 8 9
35
31 32 33 34 35 25 26 27 28 29 30 18 19 20 21 22 23 24 10 11 12 13 14 15 16 17 1 2 3 4 5 6 7 8 9
36
36 31 32 33 34 35 25 26 27 28 29 30 18 19 20 21 22 23 24 10 11 12 13 14 15 16 17 1 2 3 4 5 6 7 8 9
37
37 36 31 32 33 34 35 25 26 27 28 29 30 18 19 20 21 22 23 24 10 11 12 13 14 15 16 17 1 2 3 4 5 6 7 8 9
37
36 37 31 32 33 34 35 25 26 27 28 29 30 18 19 20 21 22 23 24 10 11 12 13 14 15 16 17 1 2 3 4 5 6 7 8 9
38
38 36 37 31 32 33 34 35 25 26 27 28 29 30 18 19 20 21 22 23 24 10 11 12 13 14 15 16 17 1 2 3 4 5 6 7 8 9
39
39 38 36 37 31 32 33 34 35 25 26 27 28 29 30 18 19 20 21 22 23 24 10 11 12 13 14 15 16 17 1 2 3 4 5 6 7 8 9
39
38 39 36 37 31 32 33 34 35 25 26 27 28 29 30 18 19 20 21 22 23 24 10 11 12 13 14 15 16 17 1 2 3 4 5 6 7 8 9
38
36 37 38 31 32 33 34 35 25 26 27 28 29 30 18 19 20 21 22 23 24 10 11 12 13 14 15 16 17 1 2 3 4 5 6 7 8 9
39
39 36 37 38 31 32 33 34 35 25 26 27 28 29 30 18 19 20 21 22 23 24 10 11 12 13 14 15 16 17 1 2 3 4 5 6 7 8 9
40
40 39 36 37 38 31 32 33 34 35 25 26 27 28 29 30 18 19 20 21 22 23 24 10 11 12 13 14 15 16 17 1 2 3 4 5 6 7 8 9
40
39 40 36 37 38 31 32 33 34 35 25 26 27 28 29 30 18 19 20 21 22 23 24 10 11 12 13 14 15 16 17 1 2 3 4 5 6 7 8 9
41
41 39 40 36 37 38 31 32 33 34 35 25 26 27 28 29 30 18 19 20 21 22 23 24 10 11 12 13 14 15 16 17 1 2 3 4 5 6 7 8 9
42
42 41 39 40 36 37 38 31 32 33 34 35 25 26 27 28 29 30 18 19 20 21 22 23 24 10 11 12 13 14 15 16 17 1 2 3 4 5 6 7 8 9
42
41 42 39 40 36 37 38 31 32 33 34 35 25 26 27 28 29 30 18 19 20 21 22 23 24 10 11 12 13 14 15 16 17 1 2 3 4 5 6 7 8 9
