143634 114454 111623 0 67888 46696 20167 164360 24164 75918 226560 67888 152460 224281 30770 27134 63950 91911 77315 49581 44293 137022 27118 13461 34767 76335 205873 58391 188025 177306 26322 194686 30770 17458 10779 34767 73184 135724 209750 6782 33797 94655 61660 38546 40187 158260 73184 33797 40435 110994 46123 152460 78707 201229 26322 24164 30770 33289 143744 81296 13461 30319 20167 6782 30770 153069 215318 125333 102241 6782 100715 10779 45438 40435 52567 26911 20167 39952 58836 74453 125333 26322 17458 17458 159965 20167 24164 139279 115279 176104 17458 71893 209344 46859 39952 96089 224926 122225 125909 46859 137277 17458 54490 107210 6782 89583 47279 210391 194686 110994 26322 52346 33066 33797 51944 46931 126971
329322 234594 161743 252954 36967 33564 219521 40147 438327 146503 321292 40147 432714 142236 68346 66728 69476 40147 468599 237300 466813 268610 98431 39864 528954 452303 105586 295688 282906 56371 38418 197157 135625 124979 207542 40147 79811 175013 33564 321292 349834 59294 241879 201248 530991 342792 0 378411 488106 200243 6729 256725 199284 44826 428030 41280 397595 181189 252228 13247 448247 344528 412485 284721 52704 286320 162202 190429 13247 121993 30801 236970 95055 158714 254124 193728 65768 346213 189075 79811 320570 31512 252228 20468 406491 19162 72640 411068 161429 92174 13247 13247 378819 229826 430366 232188 293397 0 89246 166399 139347 154046 181269 345688 212627 361247 50674 13739 198782 290864 63512 161954 57989 115465 79811 290529 112798 25462 173232 105021 251477 394294 36967 82145 462480 86387 25462 64950 101963 201248 32503 6729 326039 66486 434687 132505 197378 19162 312734 101609 70495 57847 330248 26986
78434 172795 108503 315161 57908 281754 102668 102018 151980 309965 146763 6942 25437 121993 0 47700 14290 37621 64873 159992 79194 222332 264944 193586 249560 160173 368789 88995 65795 360548 60657 313249 34051 193586 297925 305382 47700 30465 106382 212133 18139 202768 152254 221440 249694 6942 196063 6942 125729 37621 238820 187038 40951 176400 113401 134946 133060 68473 69819 225957 40348 358335 208269 37621 21263 137199 177852 54360 352197 6942 26297 141297 61925 107698 304578 57105 6942 26297 102018 247969 143310 150388 339719 239937 52307 54360 196588 131207 37621 240575 231797 34754 54360 260212 195940 37700 176385 348467 204981 245845 35158 26297 151980 346127 60657 241915 102668 65795 37700 46010 302950 169632 275004 61747 150321 21263 7348 47700 287535 228705 271688 57908 58799 242184 90798 176293 219076 6942 46010 3366 18139 342197 34051 179395 105856 6942 136743 153448 26297 90798 265892 83919 323044 13770 34051 349162 26297 105454 16663 231923
72976 65339 139982 565783 4929 406466 808352 69782 255090 67605 67160 848845 777069 603907 119808 27102 20480 495047 78123 84743 6920 382628 496083 212462 79003 37154 358637 358413 236066 207730 122753 487276 163203 2396 278425 424166 300942 231276 572864 59440 71324 284817 31097 3008 131668 39367 201949 100955 493217 16330 729493 841212 458493 147243 340215 212462 279452 40138 367553 116218 13542 530068 431724 650224 531274 570690 334796 174656 671312 430834 111092 662824 453704 149427 571534 671312 661688 41765 251042 629192 502646 59440 54629 24583 540086 296043 768714 256340 533788 85843 571492 80105 136371 89514 32063 0
57917 131278 69153 20149 88094 78672 67575 158052 0 317994 159385 15176 79649 0 195143 6348 10702 0 0 219078 147845 54711 6348 112588
74521 15344 0 47720 0 82533 10993 44127 24723 84788 120938 10993 0 5681 5681 49194 0 10993 88798 0 10993 71635 12791 33703 138601 24723 0 0
12663 340702 943411 257355 413955 624688 41672 549279 235768 89925 207197 321337 283737 13568 446070 571879 176368 315375 499255 140356 470294 658028 161937 6966 520759 213557 591739 575025 257552 390903 389792 45772 548843 605294 13180 281298 95859 453044 172358 651546 167858 31457 39762 601370 624436 406833 322683 198530 241361 273360 259309 105087 27188 33177 615801 359015 660895 250275 324974 743071 117475 375712 204919 580972 33700 160565 647595 169721 20859 598332 713257 190584 116865 393006 795287 561113 238376 563822 852192 874743 644511 389133 39427 248882 646957 0 60656 294868 395946 606017 15150 638881 59541 191831 419526 519354 968286 392546 264452 81369 756796 0 199813 80627 55519 885092 184247 156780 937883 211780 536194 98417 79118 206268 0 93317 25490 886381 33208 0 656369 754018 396344 342581 623902 80583 455706 809689 0 126230 128326 238871 669573 310251 273012 589287 882809 41822 290953 414116 438100 259309 935579 191352 185534 42230 220990 554167 872348 699107 27671 212061 474563 13568 44137 143065
190894 106865 663438 557409 65524 61342 399180 404918 473806 186220 138079 98644 247765 252430 460022 377727 119885 176919 0 282409 267910 485921 203743 337767 542870 402177 315243 364390 145807 94883 6832 57194 6288 72311 428297 64965 13120 26418 485934 449583 107519 137663 187421 500586 80682 170703 267208 61342 87586 150119 86798 95502 119885 147667 92511 455219 576436 61148 705944 223348 456336 425761 195717 166595 6832 240786 379344 24671 118769 406516 62691 501050 45080 61148 239575 353005 54956 346706 474672 155331 285994 24671 618156 128674 332594 319077 207801 150899 39011 351281 333512 523977 101442 101442 88597 241052 307089 68743 243829 105759 237000 163563 145029 88799 109849 83134
13739 288340 656351 768390 117157 0 683630 144579 550199 706920 58321 354796 182039 348742 241111 6943 55588 504464 337144 186196 121940 20521 291559 491517 119058 0 619341 77524 88554 832396 165209 469512 87949 817723 608098 184217 364967 278787 329653 576327 109361 138057 26110 467784 590567 30753 123793 451740 87633 158413 205225 33448 291529 77524 549207 616409 6943 107939 508588 471493 344042 142176 204674 40244 541611 303219 412004 109361 6943 212913 342639 210446 497927 104207 216247 63286 27195 123015 352146 610183 261041 455266 170349 356764 544339 336429 469955 32243 79673 220192 639740 419164 643437 33820 80725 279604 40244 391554 288471 56763 119956 179370 161792 442238 246343 326206 176145 685790 640407 173680 37969 6943
157243 195113 91942 130731 128392 160861 189920 124987 63844 102406 262853 29213 103378 35265 199505 104583 235978 58919 77355 55317 195559 55317 125950 97022 0 98439 6481 218189 78971 43784 80074 121343 96495 6883 217931 168737 143444 116944 125114 160713 45745 119438 130697 238423 26186 174609 109641 38452 48816
